# 45 cycle PhiX from CRI, single-ended
1 15 3.449842  703.936386
180 180
13988.59 -5290.074 -2659.949 -2752.24 1093.679 235.8603 -249.7675 550.0955 461.3877 570.3432 35.79101 293.0893 579.0637 674.784 19.83101 29.57026 509.4374 266.1113 -120.8926 294.9145 369.6712 626.1145 35.61577 83.55758 833.2022 288.7471 -141.0302 116.4760 153.8538 747.5591 -65.30797 350.4981 230.9691 537.8369 39.49598 158.6636 655.6546 538.4232 43.34521 -207.0079 512.8922 46.36761 -43.97154 320.4967 -59.67868 662.5423 100.3529 235.5895 596.4899 505.2851 -84.19795 -79.48411 160.2201 402.849 -123.1434 419.5905 230.271 373.6936 20.84703 66.96558 483.1622 303.1616 -32.99348 177.8522 322.8521 220.6782 -136.3127 353.4047 247.4513 444.6958 -97.05764 251.1071 -57.75282 820.6813 -34.56013 163.8286 -139.36 444.6229 -49.66517 483.6887 49.86018 308.0745 88.94763 248.5583 119.8247 576.4153 37.29600 97.82454 122.8563 281.0721 -12.63038 309.9531 -38.43226 541.9218 55.08336 234.9397 62.0922 640.3334 2.129579 75.49395 237.3503 11.84032 -3.376719 335.8068 71.58599 167.1821 30.60626 333.7623 217.2164 468.8745 15.05602 -23.90932 -206.4655 499.4364 -4.359427 473.5815 37.22151 185.1724 -32.93152 503.5976 1.330087 612.6165 40.94324 207.9038 -113.6175 386.727 70.67756 447.1326 -66.38161 155.3955 8.872506 416.1547 406.8488 196.6548 -131.4902 117.7471 -60.05069 -35.88314 -67.95672 457.25 -311.7436 469.6558 -19.17484 284.5381 177.4988 126.5862 -134.2832 190.2670 -265.3847 392.3959 -162.5668 401.6031 54.61364 -2.433172 -77.61195 251.4037 -194.9933 545.2424 -50.61466 117.8440 -229.9631 93.23568 -83.31409 382.2345 -103.5586 225.0136 -34.52001 209.0931 -47.88625 164.4011 22.75360 31.08583 -284.7922 288.5791 -64.07309 421.0985 -7.659915 150.0542 -29.67872 371.5428
-5290.074 15540.36 -2283.765 -3083.217 970.2433 217.5322 -129.8937 711.5255 648.5251 126.0331 -27.78976 700.2776 573.1074 422.3444 -207.0909 494.1978 680.5607 656.3384 -220.6608 619.4447 480.0969 563.9356 -138.4149 744.0293 274.4189 875.788 -129.1126 667.5275 672.4894 88.13314 -108.0340 717.9156 357.4457 489.2444 0.3177061 787.3842 405.4537 517.992 -122.6281 640.7292 33.60348 1376.619 -180.0367 824.4051 499.6389 216.5236 -53.73385 846.9817 143.5298 748.4029 -104.1112 767.0903 309.1301 664.1843 -129.2958 748.1796 90.92731 831.6606 -115.6935 910.277 98.34995 1120.890 -191.6893 816.6146 114.3453 1419.85 -267.2854 751.8938 89.12088 586.0501 -24.24834 911.6542 591.5528 -242.6549 -101.9520 782.5643 520.91 92.37523 -216.7609 955.0542 -21.03764 895.674 -60.43644 977.079 380.9270 282.1861 -218.508 897.5713 112.2472 688.8604 -148.3824 940.6975 210.0963 170.3112 18.78256 981.152 488.3259 -97.4176 -120.7420 933.5555 -183.7311 1219.382 -201.2417 1233.49 -145.2631 605.9613 10.24907 1020.846 84.51102 589.1917 -117.4293 924.8602 635.2823 -406.5621 -53.80113 956.1224 -104.8857 859.236 12.14510 941.459 557.5742 -245.1622 -144.9729 932.8061 419.1992 -53.52664 -123.6481 873.3029 35.22124 636.0532 -28.90119 1027.303 105.1104 911.7685 -106.8823 659.8088 157.4909 301.7843 -151.1946 1070.971 225.9642 -34.54098 73.39426 888.0146 -11.40046 617.9457 -51.03146 824.1136 395.0151 -249.8471 -101.0890 890.1571 -194.1101 525.6029 54.88363 976.8975 419.2931 -404.3892 -47.74087 719.6753 359.0083 136.7199 -37.43316 650.8391 117.4541 418.0277 37.62796 728.3461 78.68729 170.9929 -34.73251 850.608 216.0109 -11.04180 6.533132 871.4353 -3.317141 638.0821 -100.6923 843.7025
-2659.949 -2283.765 9146.932 -5068.189 -358.423 189.4928 5.127075 -935.9218 -125.4031 -0.1500701 32.12877 -44.66339 -1.311937 -321.5569 211.0454 53.62061 -71.97717 -94.07627 69.45455 -35.61692 -102.3475 -124.1596 12.98175 46.28811 -96.79712 -234.8963 311.2725 -175.2672 -13.93816 -194.0266 105.4438 9.728837 -60.05852 -133.9236 -1.822809 60.28889 -91.26597 -95.19752 106.0052 -80.93585 53.41144 -181.3974 133.8680 -185.5861 60.9513 -256.8416 -44.91144 36.22906 -87.28296 -85.6485 161.2064 -181.3046 11.95789 -128.6615 136.4593 -219.2537 -87.63343 -166.2172 211.5943 -107.3302 7.820793 -98.5468 289.9221 -402.1369 53.73585 -210.2675 110.4823 -211.8837 -118.3809 -123.7076 165.3125 -122.3129 -41.8362 -142.6246 2.789575 -86.71416 37.24486 -35.34793 -78.69688 -242.7342 -12.50761 -182.2014 25.74900 -124.6438 19.39581 -93.59678 -13.01686 -79.69311 91.3249 -199.8847 47.57632 -109.4746 69.38678 -125.8466 -33.79605 -138.8622 -16.38014 -49.67762 45.17668 -138.7651 39.43734 -114.7509 138.3517 -397.1995 45.2239 -43.35553 98.31856 -358.1766 -17.30982 -61.32237 -7.172574 -165.2458 -57.06198 123.502 -68.27245 -243.5064 5.025463 -46.71806 39.62447 -266.6011 -32.97483 -24.95089 -1.882097 -145.2653 -29.53564 34.9468 52.68126 -352.4687 -14.67823 -123.8345 -25.59396 -64.42755 -139.5197 -106.1144 134.3456 -118.8900 -64.59192 -22.51607 47.38813 -357.4673 -16.03190 -22.65968 -110.6746 -175.9461 -46.16393 -128.8894 126.5128 -223.4148 -49.2924 -30.06615 -27.01303 -338.3384 35.5051 -106.2843 -15.80047 -176.8727 -99.31365 -24.43561 -16.52224 -142.5439 -59.66937 67.50714 -179.8968 -171.497 -148.7087 -53.23936 -91.2226 -104.4591 -60.90219 -82.98007 -80.63499 -111.3876 7.684008 39.63260 -189.2178 -273.9432 -49.57098 -135.4359 110.3161 -117.5233
-2752.24 -3083.217 -5068.189 16539.95 450.9473 372.7412 209.4445 2144.49 531.7531 523.3635 -222.5899 1074.616 105.8015 561.4663 -129.2071 1013.693 256.0218 613.0274 99.95547 647.486 466.0467 684.0904 -87.60256 574.5513 93.62802 580.2184 -226.0713 1403.445 326.888 691.8616 -109.3920 704.7304 315.5437 657.8089 -182.4451 735.8874 -29.82421 555.2875 -252.0644 1422.162 70.51048 707.3244 -92.63962 1143.096 255.7491 629.2745 -47.87438 615.5245 12.92898 320.5292 -192.8611 1420.145 172.0602 497.245 -109.6652 1066.763 210.7411 536.5868 -291.3082 1270.450 -69.44455 404.1818 -328.1541 1809.845 45.47755 572.5901 -26.11445 1135.868 311.5699 669.7678 -274.0752 971.836 52.60102 477.923 -182.7412 815.2746 22.79118 580.5183 33.84803 736.5504 288.031 509.2243 -252.4217 1123.663 -56.66615 477.3177 -40.28094 901.081 -143.6673 592.6196 40.59852 1344.165 243.3395 487.4344 -128.4315 779.388 17.75126 422.4401 -112.3785 1035.58 94.63542 619.0884 -162.8125 1417.615 195.8943 524.3607 -351.1706 1394.568 90.7595 309.6722 -154.8706 1337.441 111.7136 418.5994 -19.29593 563.4369 262.7406 429.5613 -184.4739 1189.830 25.09089 300.6643 -70.7107 890.717 222.9433 363.3414 -10.59672 1015.724 220.1346 648.178 -72.74248 757.9376 -86.28527 396.7957 -135.8830 1572.137 54.16358 443.9754 -110.3324 998.679 314.0155 335.0219 -101.511 827.5205 8.006409 348.4049 -189.6981 1282.752 29.47060 454.8436 -0.2827043 806.3498 178.5885 373.0151 -205.9285 1022.901 128.9540 187.9421 -168.0862 940.1682 125.3830 241.9256 68.81684 757.9814 349.2802 280.7229 -147.7870 1049.619 108.9516 222.4643 -133.2245 887.1122 178.2656 481.1558 102.4205 615.5588 340.9144 281.0514 -135.2498 1480.367
1093.679 970.2433 -358.423 450.9473 15107.31 -5375.583 -2749.435 -3012.110 1147.677 296.9731 -155.9757 772.936 579.929 838.8286 52.04875 507.365 1033.351 639.1212 -88.98943 172.8552 563.1982 753.7481 -84.12394 595.5785 272.3003 923.764 -15.37608 583.4254 515.1227 971.9319 -83.04642 428.4962 694.8411 348.4139 -74.76156 574.3331 286.1938 1064.668 68.16384 319.3149 852.792 660.732 -123.3041 294.9686 445.5466 407.4509 -73.94929 741.0494 151.1644 763.9317 -18.00593 653.6336 739.5103 739.5444 -213.3927 421.0151 31.86861 650.0521 -104.9959 832.5689 178.7002 843.236 -160.1495 742.9298 556.2522 541.2052 -64.52156 414.1604 -102.7376 903.0698 -104.2712 731.8105 140.2144 780.289 -84.17469 639.0175 421.1034 363.5422 -39.64799 553.6534 -20.83210 633.5337 -131.6919 755.693 143.0059 588.5603 -40.79403 655.4345 -78.39477 907.0472 0.09831227 440.1931 415.7789 56.94037 -46.50537 723.5926 24.50476 370.6094 4.824254 663.8136 -20.63351 785.4887 -58.7943 532.1278 -287.5441 580.1041 0.07101768 815.649 -112.7141 720.6187 34.85054 592.3721 246.8567 403.57 73.82958 310.8973 -299.3602 499.0835 -61.77327 874.163 120.9394 319.7296 -19.78160 739.2074 555.1406 9.678114 -61.9354 469.271 -369.7051 588.1382 43.28996 789.2074 30.28175 301.8301 19.58625 551.2204 98.05365 249.6980 -267.8014 711.5588 -209.7061 411.8015 -0.04846385 751.6757 12.16045 -28.90432 40.51 801.4923 -80.28311 503.3233 -172.7783 622.7382 -142.4983 147.9047 -99.20383 871.4694 35.96099 229.3995 -54.15692 652.5897 406.0425 -82.03645 27.05604 314.6931 -81.07944 116.9125 -121.9367 806.9219 -61.1855 134.8772 -46.29491 625.4218 -80.93719 377.4435 7.285424 548.8415 -223.4943 302.7153 -29.90367 919.925
235.8603 217.5322 189.4928 372.7412 -5375.583 15020.10 -2127.302 -2985.218 684.7439 539.9155 -137.3518 754.5942 483.846 93.72294 -33.48833 676.4184 500.3122 529.4437 -101.7660 480.8507 604.7029 486.9546 -283.9639 550.4475 575.6984 29.75855 -63.32069 582.6495 632.6806 26.94681 -1.425735 455.423 -27.78174 1441.386 -187.3692 768.985 472.3537 -6.835578 14.79822 626.3424 155.1093 905.2286 -54.56894 487.5171 269.2762 581.8044 -62.78549 666.9399 300.963 411.9279 -51.07693 597.0714 157.9047 804.5544 -34.0852 460.0044 311.1971 343.3463 -91.3014 691.0115 328.2349 229.7194 -52.5231 576.5956 95.74965 790.6429 -133.5321 599.7711 500.7478 -96.3084 -132.7529 728.2177 105.7157 385.2384 -11.71736 735.3621 94.88458 748.1387 -159.9203 763.4759 305.9171 318.6326 -94.19499 757.1528 46.25719 452.667 14.466 695.3454 516.7608 -398.6564 -115.9704 755.7302 -302.5417 1350.079 -156.8458 797.5345 106.1618 325.4341 -15.77909 719.4885 476.2104 -249.207 -69.21327 557.9329 471.6602 -291.3441 -122.5332 757.7853 157.4405 217.2246 -62.62046 664.3823 80.65902 288.6968 -74.82613 802.8657 558.3229 -462.3355 -28.52907 669.7336 -121.8975 843.9245 -81.08994 593.686 -233.3403 1286.668 -252.3284 667.5921 586.6652 -354.8053 -71.59708 497.2617 112.4816 345.9262 -102.5047 700.8429 262.6150 254.6322 -18.41065 336.5146 224.4344 38.90168 -142.1492 676.306 -215.6906 834.6203 -48.97107 660.4135 318.0739 -384.3528 18.5001 616.4179 73.40074 122.9508 -85.74718 648.7677 -136.1966 356.3671 -18.23308 735.4378 -313.9385 1192.121 -126.3544 658.005 140.7581 472.6519 -119.4214 400.7826 -165.4053 592.6137 24.86325 665.4344 259.0510 14.31702 -49.07142 452.9838 259.1726 -27.67916 20.89662 302.1815
-249.7675 -129.8937 5.127075 209.4445 -2749.435 -2127.302 9330.502 -5327.62 -300.605 37.22124 157.0484 -1183.952 -133.1698 7.115017 5.137969 -93.0025 -111.7200 -194.3324 306.2173 23.60332 63.7823 -162.5942 93.81743 -114.5136 -42.21845 -144.3294 70.41702 65.05952 35.71629 -155.1847 116.6709 -123.6013 104.2495 -252.3348 378.1524 -316.9626 -36.82752 -189.6989 23.57465 77.50045 -75.10473 -56.00426 262.9400 -241.4502 38.52129 -29.84429 102.3953 -152.8264 106.4485 -306.1303 89.63204 22.95457 -72.07385 -126.9146 243.8025 -154.5696 93.23269 -48.30429 92.92096 -270.7071 -69.92616 -233.9113 158.2486 -5.727593 -23.91036 -76.93535 201.3465 -273.3240 100.0273 -59.69003 20.28138 -225.9919 110.8689 -242.9807 87.2972 -178.1355 -13.60748 -68.51823 217.7188 -309.6372 105.6083 -80.25534 87.37236 -307.2971 26.77412 -166.8342 -6.816822 -27.54556 120.5576 -127.0400 -8.550463 -172.1898 146.2012 -217.5249 173.2459 -363.7445 100.2226 -68.72368 92.0598 -277.0459 -3.92784 7.832411 28.49853 -218.5365 -34.45121 81.78705 -20.19578 -305.7995 -16.09665 -53.36838 -15.26497 -153.2272 -78.33162 11.28833 3.307027 -115.2636 34.29908 135.7816 -69.0061 -358.6292 -28.23232 -42.51198 3.510607 -107.0185 -114.0466 -103.7688 258.3817 -346.7679 29.74938 -10.90120 -157.6655 -112.9798 -71.21342 -117.7100 128.4730 -227.3608 36.58466 -100.7413 8.072107 -116.0009 11.23555 -19.95746 -32.54778 -260.5879 -49.54602 -85.10921 112.1682 -260.5691 -54.57961 -60.05026 5.899628 -155.0786 90.29175 -2.494633 -74.47107 -285.0226 -8.49579 -68.10858 26.84369 -174.6505 -123.8323 -19.70592 99.09952 -222.8612 -64.10677 -17.28104 109.0574 -295.5421 -142.1174 -56.98445 -57.35607 -69.27825 -67.45326 -60.5888 1.003253 -150.3858 -70.39604 99.37876 -90.51429 -233.6337
550.0955 711.5255 -935.9218 2144.49 -3012.110 -2985.218 -5327.62 18639.03 488.9862 794.872 -69.04106 2732.480 843.737 684.86 -250.0560 1272.116 473.0103 601.3144 -326.141 1343.991 340.1306 767.2752 73.22382 992.9624 575.7641 741.7477 -134.5484 800.5172 245.8296 767.8983 -230.4205 1159.605 250.5837 842.066 -304.3098 1657.324 459.819 801.5515 -304.9397 1055.268 85.4176 537.263 -242.2071 1848.854 132.1764 711.888 -89.91085 1297.063 256.2068 856.324 -151.9867 1073.441 176.6073 418.6336 -282.9336 1790.432 272.5460 589.4929 -185.8531 1228.274 267.3457 758.8939 -269.977 1121.588 212.4052 566.3299 -409.5227 1583.552 248.7327 603.568 -103.5874 953.6654 245.9214 684.837 -332.4686 1458.257 6.220803 635.752 -368.8853 1688.585 86.47773 580.6741 -177.9628 1223.846 270.9017 708.3106 -304.3240 1140.288 -217.5813 586.7736 -115.7987 1141.945 -33.06273 731.6444 -249.3156 1892.372 128.2454 646.4546 -359.9318 1365.968 -12.78089 460.9133 -283.9673 1196.92 139.4196 427.6716 -169.8601 1085.803 299.8178 577.3561 -404.2833 961.9156 141.1998 412.466 -311.8505 1454.790 62.43407 326.3609 -159.6242 875.475 338.044 526.8188 -309.5491 991.6059 -37.13773 528.1642 -271.7313 1871.133 148.2947 468.0597 -152.9816 484.8484 167.2383 639.3151 -395.5695 1505.059 -301.2331 378.2764 -78.6886 1225.244 96.2724 585.2058 -72.11861 1255.047 264.5652 478.9394 -278.8623 1478.995 89.3423 478.7239 -84.25115 1176.475 137.8423 374.1132 -19.86631 914.7873 200.5558 571.3138 -251.5916 1626.951 113.6334 194.8241 -223.1315 1974.734 108.4561 394.5636 -53.55775 1130.601 326.6842 331.7814 -236.3249 1201.785 106.1718 409.0438 -185.0549 1184.302 276.4594 298.1616 -10.05713 1484.613
461.3877 648.5251 -125.4031 531.7531 1147.677 684.7439 -300.605 488.9862 14632.43 -5815.738 -2424.473 -3164.239 1057.876 368.9087 -175.0855 543.205 684.3932 610.6083 -74.0166 308.4269 496.1133 891.1665 24.68764 164.4742 489.4032 585.0616 -106.1817 421.5458 461.9904 685.8957 49.52647 239.6477 637.1953 481.8606 -95.04136 363.1129 354.6302 550.9941 -4.135022 391.6507 250.0191 845.673 30.88783 312.405 704.0721 494.3564 -14.86563 2.464743 236.5683 613.135 -109.9086 629.86 491.7216 338.3214 2.773420 406.3874 744.4847 455.5587 -34.26081 21.03465 294.9503 371.323 -192.6060 770.7973 -50.23211 979.4543 -12.60558 330.2453 362.1243 556.4489 37.47244 271.8962 -134.1924 613.7979 -63.54169 616.9355 -19.10666 545.3186 -45.70068 526.5418 -58.88343 757.4691 -11.80329 406.7848 18.58750 528.0772 -117.3478 592.8533 -79.06899 505.3388 -2.749316 574.274 308.0787 448.5435 -82.03596 275.2975 292.2738 -9.72993 -6.563116 512.7741 -132.0645 559.5187 54.60522 419.4846 164.628 324.8461 -3.091450 386.1729 -278.5105 529.5057 58.13266 550.9924 -228.0306 563.1103 84.01212 402.3988 176.6128 280.2293 17.27798 249.5804 -122.8234 267.2836 -106.7282 677.5444 -80.21922 275.8389 -53.76145 655.4401 51.64819 188.7617 26.34585 468.3877 -60.18774 321.297 -37.37753 549.1672 120.1815 -242.4825 27.43133 540.6765 -122.9847 654.6823 -180.0946 414.9818 -208.3351 61.56237 -17.46056 725.1437 53.98122 -105.8363 27.23422 658.9855 66.23392 99.61672 -174.2103 510.264 57.3334 -151.8983 -21.94222 680.946 -254.1278 221.8413 40.62723 524.6622 -13.91113 259.2913 12.15868 318.2463 -189.5385 -8.586124 -101.6051 714.5198 -579.7007 725.7374 8.392306 429.0248 228.4124 98.72341 26.73186 349.4696
570.3432 126.0331 -0.1500701 523.3635 296.9731 539.9155 37.22124 794.872 -5815.738 16189.65 -2033.430 -3393.097 691.6083 703.5801 -20.31926 657.7198 451.7642 491.7658 -49.87525 835.6705 749.7771 250.3905 -270.2968 682.0469 555.4775 718.8523 -255.3214 741.0416 503.0413 704.4049 -209.5279 816.3279 311.9734 746.5104 -37.89225 644.4646 411.953 972.6559 -233.6408 722.5895 386.0234 432.6220 -11.47590 566.9909 303.1582 525.3323 -52.52707 852.1766 450.2666 325.7921 -130.0616 828.8604 25.46294 1240.406 -127.4050 811.9636 -30.27559 1185.196 -89.6101 713.2361 128.7413 933.5635 -165.4218 731.006 490.1323 20.05538 -134.0813 837.2062 201.1146 764.0754 -191.8492 789.1454 437.6361 223.9487 -202.8515 923.7717 238.2348 180.9633 43.38136 952.3076 535.734 -232.9617 -65.9976 904.6036 309.3304 331.9372 -181.0253 888.3617 90.1796 407.8219 46.11317 971.5412 194.9740 717.5207 -110.0868 703.9568 -167.7463 1415.971 -206.7539 979.4135 273.4928 -164.0972 -139.0779 999.2967 164.4063 258.2368 -91.06063 948.2054 439.7226 62.07827 -214.2603 902.3628 281.6542 116.0054 56.12092 975.562 114.8961 257.8763 -25.33982 890.9567 360.6988 449.6322 -166.5839 835.3032 40.04709 602.5437 30.93031 712.6149 219.0688 216.1533 -212.6529 732.6331 128.8902 722.2994 -229.2854 734.8728 -336.9395 969.8843 -29.22132 981.3334 611.2957 -386.8683 2.344459 487.1976 79.54012 499.0223 -76.6721 787.459 -209.9264 755.608 -23.28049 773.3515 22.86697 471.3669 -5.834721 653.0991 -143.0711 1135.043 -148.6773 827.7602 199.8228 67.00747 -33.58507 772.5449 63.35557 458.5452 -15.30959 462.6068 226.3141 352.4362 -52.04819 617.5445 498.1594 -767.229 -43.14255 810.629 -141.6145 852.8463 -77.95373 549.876
35.79101 -27.78976 32.12877 -222.5899 -155.9757 -137.3518 157.0484 -69.04106 -2424.473 -2033.430 8657.634 -4866.844 -306.226 93.84629 89.95973 -1049.164 -104.7783 -19.88993 116.6798 -167.5879 58.03324 -402.6811 198.7173 52.23033 3.945168 -133.2269 201.037 -138.5263 -76.98003 -209.7229 170.6364 -6.602877 -34.23736 -146.0011 217.4901 -206.9256 10.87054 -265.0952 166.8457 -23.57881 -54.70412 -120.6817 39.81721 2.293131 -50.60184 -51.43208 153.8906 -195.9781 78.91753 -71.9587 139.7572 -311.1827 37.68553 -213.6774 165.1063 -188.1172 -107.8379 -101.0845 263.0607 -252.2875 -38.24647 -81.44506 289.0586 -368.226 -55.28212 -158.8215 27.13085 -47.17265 18.79736 -175.9053 195.4579 -291.356 89.05629 -83.31135 36.91622 -286.9369 67.56788 -59.14648 -2.192002 -228.6973 -22.57587 -44.54953 32.93446 -236.6317 49.32293 -105.7070 53.47847 -266.8796 -45.7048 -124.1643 21.46673 -79.18101 70.3156 -201.3263 175.2770 -264.7531 147.0158 -218.5492 199.0276 -439.2285 -16.86348 -39.59854 19.56558 -197.1583 -63.18653 14.87378 126.5327 -347.9411 28.03918 -31.2551 -52.63303 -294.077 7.842873 -99.1347 -70.42123 -175.1184 -130.5585 68.0254 26.11537 -165.7881 -60.79616 44.17414 51.31016 -400.7648 -63.04804 -35.95875 -18.39359 -228.1655 -88.26462 -20.80768 175.6097 -360.0731 67.7944 -95.1915 27.16358 -422.398 23.56779 -138.8806 129.9637 -320.3863 -105.7551 -118.6486 -162.0183 -6.267101 16.98456 -51.09129 20.26620 -286.1800 -16.77971 -40.00108 107.6829 -347.447 -2.34106 -182.728 70.11677 -229.0168 -58.69521 -21.08425 143.2676 -498.5368 10.30874 -61.62053 -90.57747 -252.2749 -201.0644 8.47355 -3.374718 -191.0119 -82.90064 70.67387 14.79850 -392.1185 -53.0531 -62.20428 -154.4329 -56.38863 -150.2514 -42.14402 98.75098 -301.7583
293.0893 700.2776 -44.66339 1074.616 772.936 754.5942 -1183.952 2732.480 -3164.239 -3393.097 -4866.844 19722.86 540.9493 651.0173 8.064031 2991.216 976.3674 522.7357 -246.4011 1608.544 525.2577 915.6324 -196.3049 936.4636 437.6331 620.5147 -42.63601 1250.707 541.2678 819.598 -211.3320 1172.79 193.1205 813.1519 -284.9017 1476.862 374.7230 1117.916 -179.7174 1248.685 527.1934 687.54 -253.0231 1274.290 75.08566 549.7709 -247.1810 1734.600 225.2807 810.7776 -184.3842 1472.095 359.0587 854.8344 -356.2261 1957.566 62.11546 369.8407 -364.5738 2243.162 328.4001 704.1207 -293.9689 1507.276 439.1662 698.8098 -297.9569 1070.051 154.1703 635.2567 -391.94 1675.400 210.6384 777.8525 -171.1938 1184.364 269.2925 615.6502 -308.7489 1370.341 188.3493 526.9352 -308.2788 1148.93 210.2666 652.7718 -130.6067 1116.503 267.8146 673.5526 -379.6919 1262.029 -189.9143 644.0838 -290.9524 1596.154 -134.2677 841.6367 -372.8139 1854.078 322.9251 621.2672 -322.3235 979.7133 -19.69082 560.4048 -367.9252 1620.793 160.8677 699.9845 -233.4349 1215.028 424.4937 481.5064 -418.2461 881.2318 57.35284 386.5153 -368.3210 1728.313 193.4322 440.8461 -221.8591 1191.742 313.7803 598.158 -228.4326 1161.801 8.465975 469.5303 -346.7161 1642.939 37.59314 731.4208 -200.1277 1124.447 35.81662 568.8876 -368.4539 1876.716 -51.12934 549.2742 48.44136 685.5949 211.6519 488.4383 -185.7159 1297.478 249.1556 582.5989 -291.74 1841.255 -14.14041 465.4721 -203.3175 1466.198 85.16141 591.9813 -190.6274 2118.486 233.0593 404.3561 -128.5085 1372.743 286.2075 177.4009 -254.7222 1758.190 58.57285 227.0109 -72.40497 1711.896 373.9918 348.1457 -79.13075 513.2762 226.5551 282.8492 -215.8438 1925.467
579.0637 573.1074 -1.311937 105.8015 579.929 483.846 -133.1698 843.737 1057.876 691.6083 -306.226 540.9493 13993.41 -5179.003 -2551.935 -2791.951 902.4577 354.7844 -165.7457 610.085 756.8953 559.3832 -37.10665 333.6464 898.9896 395.9005 -82.36033 203.5658 805.5277 243.7190 -118.4511 400.0439 245.4803 716.7355 -0.4037061 513.2567 688.586 590.5777 -153.6431 341.7160 115.7310 793.1726 3.736933 489.2372 196.2131 711.5153 -23.00326 469.6484 963.911 297.5070 -59.19948 96.43935 222.6543 561.9093 -114.2321 620.1413 -65.8914 782.645 -4.458822 496.8365 617.7616 623.4997 -113.6413 125.2522 0.7572494 827.9226 -148.5388 631.6473 272.6656 452.5947 -24.42121 389.3386 590.3379 211.8084 -16.92307 359.6528 -65.02699 583.8164 -123.2937 645.4757 95.4156 513.233 -58.74806 467.061 144.7164 726.9607 -145.0668 474.8192 51.83264 275.4026 -104.6914 662.0478 -116.8764 748.1029 15.67832 473.088 355.2153 398.5026 -71.20546 322.9723 -24.80625 498.528 -156.6931 575.4754 47.89006 267.4297 1.762767 497.2539 281.6529 492.7888 -2.494596 241.3242 27.61953 117.8289 64.71456 644.309 74.20998 289.2548 37.21742 450.2874 38.52597 483.354 22.68377 429.3084 -240.5263 427.161 -36.64037 680.9495 -167.8101 296.7584 -86.46152 744.3833 193.7012 272.6538 12.66885 350.2859 -378.5178 343.7738 -45.2691 731.0942 154.3429 10.29024 -93.5709 609.1589 45.70115 373.5644 -243.1724 513.1734 -109.6525 34.00701 7.679 630.1187 -317.8058 320.8556 -68.53095 756.8597 39.26518 120.6108 -23.10009 548.5633 -375.4052 274.0130 -66.35684 847.6965 -255.3855 384.0717 47.63536 484.6566 -235.1982 507.382 -10.55291 359.7099 112.8035 -169.7016 -59.88788 687.6336 -223.8856 450.4718 84.47285 370.0559
674.784 422.3444 -321.5569 561.4663 838.8286 93.72294 7.115017 684.86 368.9087 703.5801 93.84629 651.0173 -5179.003 15791.16 -2354.999 -3193.031 1071.218 184.3227 -68.81708 636.0231 305.1115 669.962 2.398850 802.584 223.9705 1202.358 -118.3504 585.4446 332.3257 1647.44 -358.2199 671.3149 520.9983 237.4501 -96.82778 780.4882 365.144 1000.154 -0.2242946 346.0943 701.0773 14.06533 -66.2638 710.1305 324.9217 239.0481 126.3258 725.352 105.9982 1082.56 -103.7630 618.8362 532.9841 516.2511 -263.7042 811.725 369.133 238.6447 -64.86339 974.6484 229.7673 624.4122 -74.90996 773.4194 545.838 79.25825 -168.2648 724.0143 106.0308 984.9321 -219.4848 873.148 24.85300 1249.640 -240.805 829.8517 396.3624 194.7729 -161.9458 936.0762 179.9127 257.0162 45.4545 840.0147 318.3529 362.8441 -33.85486 669.2388 95.66938 857.5755 -158.7976 960.87 346.8061 -36.72549 79.3164 812.2629 60.66663 932.4274 -256.2081 829.8696 281.8459 171.7642 -78.5546 877.0561 -70.007 550.05 -70.26198 1043.692 118.1519 511.6418 -140.9781 759.9755 96.09538 993.4837 -194.6893 953.1827 -99.60022 371.3311 -1.63001 1046.38 314.7931 471.1229 -78.86999 595.3409 393.1204 47.91624 -127.5777 783.9352 31.73327 412.8673 21.01784 638.3159 108.3417 512.2939 -287.3375 733.6273 492.26 -327.2383 -150.0586 873.694 -206.4400 1037.529 -84.3578 828.2896 327.9761 26.38598 10.44932 575.4433 -16.64455 782.7563 -195.7377 915.3644 276.068 -340.7144 83.61357 666.3984 -71.697 826.8935 -95.28743 667.6978 424.6551 -448.0016 -75.9333 670.3606 238.0381 -313.3303 -0.06720473 647.6147 362.7565 -309.5562 63.66872 448.7244 -40.22602 862.5614 -111.2082 548.5547 25.59201 288.7643 -135.4258 974.2918
19.83101 -207.0909 211.0454 -129.2071 52.04875 -33.48833 5.137969 -250.0560 -175.0855 -20.31926 89.95973 8.064031 -2551.935 -2354.999 9363.209 -5019.158 -335.6439 125.6520 92.9285 -1079.653 -102.3376 17.3723 144.3031 -110.4841 80.4831 -404.3172 351.5934 47.12127 -22.52059 -123.1520 433.3329 -251.4955 -25.90551 -157.0680 81.64157 88.93238 78.1 -281.0392 246.1503 -54.17123 65.50066 -143.0437 -67.72224 168.986 15.47222 -153.6545 25.7402 41.22138 -28.46060 -29.15546 166.208 -157.6159 15.36572 -10.31809 217.4853 -267.5635 136.3143 -279.9752 20.9869 43.60932 -44.61757 -42.72704 116.0065 -84.70133 -0.6662125 -99.31954 91.60673 -105.4008 -6.787773 -210.5222 199.7393 -104.5306 -40.93986 -20.34900 215.7968 -237.8091 58.85729 -96.58514 21.09981 -130.8791 -31.7 -18.43520 -22.43624 -24.17062 -42.88426 -133.9113 114.2484 -65.17819 15.31329 -58.73329 210.5910 -351.8834 2.769924 -48.37901 -48.68887 -83.08768 69.23129 -258.4771 231.5470 -245.6827 106.4904 -79.92326 53.38289 -242.4736 49.16646 -58.83735 142.0238 -259.0224 -15.73991 -130.1339 141.2067 -151.2778 37.93956 51.33459 -44.74819 -318.8432 -4.738921 -0.04909576 171.5995 -290.3633 -118.5566 1.311613 -13.06801 -93.04707 12.94020 58.62945 -48.71196 -220.5290 3.1135 -12.67285 154.8803 -332.4612 21.00795 -172.3453 61.53437 -186.0407 3.046322 61.39713 18.75722 -277.6773 -5.353767 -167.0132 -0.9185697 -154.5909 -80.23463 -56.66265 65.34422 -53.73562 24.15009 -64.94329 84.80933 -295.3448 -40.57822 77.31205 -48.99081 -215.2623 -33.26347 -176.1037 133.4196 -187.5974 -27.66177 89.4896 -179.1469 -170.4833 7.274467 -46.12017 -30.94128 -78.70977 -129.356 -17.56542 -150.4073 107.4587 -181.4086 35.31427 -7.640947 -123.2575 -111.5737 -107.9886 -78.60409 46.08415
29.57026 494.1978 53.62061 1013.693 507.365 676.4184 -93.0025 1272.116 543.205 657.7198 -1049.164 2991.216 -2791.951 -3193.031 -5019.158 18566.86 662.1899 650.3702 -30.0777 2584.709 856.8559 655.8619 -302.8862 1374.085 230.5222 771.349 -415.9629 1701.672 334.5274 536.8042 -151.9012 1758.638 492.0905 905.14 -158.0251 796.8358 87.00804 982.3366 -299.8160 1475.446 355.2457 885.924 -9.12348 666.7349 370.124 691.7125 -213.4024 916.945 -62.98917 516.8195 -228.3239 2335.540 290.5111 803.7436 -224.1586 1259.647 304.6177 815.4707 -167.7614 923.294 15.11332 471.6296 -296.7767 1512.095 404.7566 617.4157 -143.5199 771.2892 285.3810 812.798 -289.1895 1392.976 47.60796 502.9971 -338.6428 1838.031 122.4259 684.3223 -155.8656 1041.485 316.3313 520.8849 -290.0757 1143.153 150.1703 581.5426 -348.6191 1182.165 160.034 560.4629 -269.1288 1253.401 232.4938 626.4129 -413.9897 1010.313 -248.1575 682.751 -290.1561 1701.443 54.72017 602.1848 -228.4422 1171.53 174.0297 572.963 -423.3005 1270.574 19.49014 600.7306 -476.6542 1633.097 119.3737 405.8220 -206.7139 1430.999 289.8113 415.8135 -534.6253 1454.012 157.5875 396.7177 -329.5023 1043.501 185.7914 570.2913 -133.0478 870.1858 238.0962 361.635 -325.2035 1375.009 -40.15182 571.9388 -135.8081 1415.116 -84.61097 461.4186 -153.3295 957.736 40.22336 661.6966 -102.3639 1326.723 -140.4815 455.3754 -156.3468 1283.595 81.18732 608.653 -140.3461 1669.298 280.0857 392.8719 -178.1753 895.4412 127.4334 537.1298 -219.3876 1940.369 79.44037 431.1086 108.8248 913.2508 249.0741 449.6952 -173.9092 921.2393 80.65062 173.8160 -131.9356 1181.031 266.3887 278.2837 -61.03016 1583.049 516.3743 401.5433 -57.7088 1214.070
509.4374 680.5607 -71.97717 256.0218 1033.351 500.3122 -111.7200 473.0103 684.3932 451.7642 -104.7783 976.3674 902.4577 1071.218 -335.6439 662.1899 15344.93 -5683.585 -2756.287 -3267.678 1331.409 303.6869 -238.4779 616.4591 516.3981 807.6057 34.10593 396.7569 717.4837 780.7665 -70.00992 349.8283 285.9182 860.537 -142.0518 653.4455 504.6448 694.783 -55.64307 516.1276 829.7385 700.7906 -194.5646 303.259 535.4684 391.7372 -130.5966 704.6624 90.0417 916.7137 -20.83535 620.8992 700.7313 867.7548 -167.8012 232.5830 192.3653 611.8575 -117.8809 699.8183 -106.5250 1014.458 -57.6002 666.1556 713.9906 690.859 -118.8694 143.0304 -119.1573 808.6702 -147.0523 923.7611 95.04502 709.5291 -102.0381 731.2212 671.0065 47.05142 -69.05084 581.5221 11.69770 628.5959 -163.6612 788.1068 475.338 321.1886 -137.525 653.779 48.2715 605.8886 -25.91887 678.4597 -160.1219 739.6916 -145.0251 723.678 -140.7577 700.3675 -19.69188 659.6715 303.1604 554.3692 -87.16987 422.3188 -171.5756 426.3949 -96.02427 856.2898 201.0948 359.3547 -54.18345 616.8376 221.9439 504.0475 -62.51847 420.1451 -273.5962 430.6247 14.98918 824.4903 234.6353 323.8891 86.66223 383.4427 97.45003 529.8802 0.3911657 281.1108 164.8566 -134.4175 -223.1676 877.7964 -379.2169 810.2103 -101.8109 730.8658 254.7120 -96.73847 0.4332921 742.0758 -291.8171 480.5634 -50.45298 649.7461 -478.2748 609.8292 90.18781 750.7962 315.0731 113.3331 -194.7477 439.4542 139.3791 -229.1733 -57.31751 849.2337 -445.6981 562.0857 -20.11749 770.6072 233.9079 52.87925 -40.9436 479.1246 -66.38918 -113.7524 16.28913 870.9134 54.55068 -192.6226 9.878208 726.1328 83.00093 314.0161 -36.84128 360.7139 -495.5851 665.7747 -161.7427 830.087
266.1113 656.3384 -94.07627 613.0274 639.1212 529.4437 -194.3324 601.3144 610.6083 491.7658 -19.88993 522.7357 354.7844 184.3227 125.6520 650.3702 -5683.585 15562.51 -2104.069 -3060.624 478.52 603.234 -2.733836 643.299 476.4771 -50.8867 -20.16814 823.9222 388.0858 617.7668 -178.2095 523.5937 595.9959 329.5948 -191.2741 641.9047 127.4861 1025.051 -103.0934 704.1649 214.7722 741.6184 -27.36667 537.4025 -32.72511 1161.852 -24.21888 729.2105 425.2704 -219.5499 101.5689 712.1465 289.4392 457.2712 -126.1211 670.6185 302.4896 272.2955 -122.9705 781.961 420.8808 24.29081 -65.4033 771.0748 22.5478 683.859 -72.00164 671.5366 495.1948 39.10013 -85.5643 523.5747 151.8848 581.454 -159.3172 715.2809 -195.3659 1286.313 -200.8623 798.3066 414.2341 100.4136 -129.6687 771.1361 -403.4102 1308.407 -13.98999 716.717 379.2248 40.80398 -89.96895 690.9445 400.2140 -63.32252 -101.3344 752.6022 110.2490 291.3065 -16.96704 866.9053 184.1827 560.563 -174.3304 685.6759 301.3103 36.26361 -17.73494 710.186 -244.6469 967.064 -79.7269 772.63 307.0440 40.86203 -68.82031 720.896 188.6383 320.3295 -166.2555 871.1112 -274.9429 745.6202 -103.2385 1054.593 176.4606 296.9937 -128.8930 753.2938 -94.7382 1224.68 -88.67237 545.1376 489.5505 -575.847 -18.64475 632.8721 -151.8296 1098.095 -304.7308 733.4915 425.0921 -352.689 -110.6500 767.7037 412.5317 -514.5195 -64.34534 688.4238 -67.45942 869.4942 -80.06878 555.6137 -281.7263 1128.555 -135.4375 877.4648 306.0545 -264.5388 -5.361547 594.0842 -52.10834 390.2324 -178.6942 732.3298 -85.12418 581.8711 -142.3968 739.705 -267.6772 711.0178 -76.19558 686.519 72.13127 240.0730 -95.15956 504.1834 713.4675 -821.0186 3.116136 404.7439
-120.8926 -220.6608 69.45455 99.95547 -88.98943 -101.7660 306.2173 -326.141 -74.0166 -49.87525 116.6798 -246.4011 -165.7457 -68.81708 92.9285 -30.0777 -2756.287 -2104.069 9190.567 -4843.709 -324.345 61.83114 74.49848 -999.3149 -115.0150 -41.30451 21.66093 -38.78370 76.38421 -342.2666 275.9199 3.393179 103.3748 -157.2441 113.9623 -157.09 -84.63542 -165.9138 250.8515 -145.9929 -13.50933 -188.9235 239.5845 -152.9688 39.16369 -202.081 256.6936 -184.2329 16.53729 -90.85403 -13.18283 -44.11153 -120.6031 -55.88714 165.4633 -172.7761 100.4862 -36.71208 95.15165 -309.9983 88.88908 -265.3629 7.788012 -11.48653 -32.81638 -87.88433 211.8797 -226.3321 -36.68905 -85.45853 73.2728 -138.6498 -47.1371 -221.1215 152.5283 -79.78282 -23.80295 -42.97406 347.7448 -496.9702 64.04665 -92.00275 100.9484 -277.3813 -92.11035 -148.4611 278.8749 -239.4269 -84.83543 -43.43173 135.3973 -260.0994 63.9397 -36.32420 56.9093 -308.4652 17.75016 -139.3792 8.876754 -118.6385 47.32203 -219.1389 210.0273 -238.3973 134.0061 25.09255 -28.89682 -345.3937 -44.86672 -138.2975 174.7793 -228.9264 -64.4728 19.70224 166.3021 -320.6614 152.3328 -99.97069 -95.60066 -302.0781 -64.84629 -83.70945 146.1831 -332.0670 -135.2564 -5.770626 135.0524 -203.4837 -18.74132 35.18191 113.9704 -381.1741 -43.55638 -20.04023 -107.1881 -138.4923 13.44067 -103.3073 176.9533 -435.6145 52.32863 -29.35941 64.96844 -388.3873 -24.80674 -68.74552 -166.9325 -16.95440 -59.99535 -35.05761 52.61712 -213.8143 79.0319 -64.84603 111.7388 -379.9539 11.81316 -101.1800 -23.70870 -248.068 -64.89113 -99.98156 258.6658 -363.5783 36.05605 86.08833 -56.26616 -468.4814 -51.35189 -57.16845 221.1397 -384.7669 -136.6609 -25.79677 94.99188 -198.4583 -143.6963 56.6846 -167.1858 -25.68038
294.9145 619.4447 -35.61692 647.486 172.8552 480.8507 23.60332 1343.991 308.4269 835.6705 -167.5879 1608.544 610.085 636.0231 -1079.653 2584.709 -3267.678 -3060.624 -4843.709 18704.12 504.4358 706.818 -39.4256 2293.861 687.3366 645.2059 -256.4682 1140.852 323.4384 572.2702 -299.7091 1468.271 280.9972 711.5021 10.50104 1101.735 589.4749 969.4285 -353.6870 1443.254 57.77191 838.0841 -267.1224 1592.769 302.6338 746.895 -216.1865 1410.969 488.2705 722.201 -278.4181 1071.951 161.2903 639.103 -316.3788 1820.826 149.8251 712.9081 -130.1301 1132.478 319.6395 828.3585 -180.7693 726.531 68.112 535.93 -420.3580 1726.500 412.6459 702.566 -194.2788 742.9987 429.1685 522.647 -283.9074 1250.356 19.64000 452.8406 -420.2998 2048.151 122.9822 637.9712 -171.389 1295.688 383.4355 621.0026 -498.5401 1833.160 94.60967 462.9022 -315.2647 1104.997 184.8946 629.2241 -190.5571 964.0273 351.1077 622.7777 -357.2904 930.738 -128.5474 548.7173 -347.4264 1514.19 -91.35421 605.2442 -96.4224 1101.222 294.4179 691.141 -444.4377 1438.573 3.106593 330.2764 -432.0856 1720.697 111.9158 560.5322 -148.2917 872.075 465.7326 491.2122 -536.3736 1664.836 93.56068 536.5703 -274.7252 1428.355 -30.62546 486.8432 -151.1308 1549.188 213.5815 660.4652 -118.5937 398.756 -226.3905 409.3004 -202.4729 1799.207 53.69947 458.4019 -147.0113 1138.761 254.2000 533.0653 -74.32875 462.4461 -108.0356 384.2675 24.45315 1711.336 13.63749 492.858 -179.7417 1834.406 311.1870 542.4916 -94.76229 1050.112 -18.02469 455.7096 -201.3486 2006.836 30.47369 489.2769 -49.51636 1619.068 173.0970 471.486 -320.0850 1917.144 102.8484 182.9299 -244.703 1680.186 310.6871 392.9386 85.1079 410.2853
369.6712 480.0969 -102.3475 466.0467 563.1982 604.7029 63.7823 340.1306 496.1133 749.7771 58.03324 525.2577 756.8953 305.1115 -102.3376 856.8559 1331.409 478.52 -324.345 504.4358 14758.60 -5578.23 -2630.407 -3137.413 903.277 515.8314 -213.57 622.5776 603.149 638.0555 14.44235 497.0791 674.9094 796.5759 -80.56371 247.1562 508.1282 747.8 -161.5297 482.8919 298.5053 752.3986 -14.82444 467.7212 776.6044 322.6535 -143.5036 461.0625 256.305 591.1733 -80.40268 636.3411 67.23381 1084.144 -65.42902 454.7438 408.0144 866.4888 -97.47938 215.7593 46.29283 693.729 -66.71722 666.791 402.3353 529.6162 -70.54802 409.1603 474.1525 661.914 -58.00393 231.9622 136.2267 494.6975 -238.4387 796.1578 235.5931 493.5097 -38.98499 516.9429 620.9121 -4.625247 -34.29014 443.4512 126.1835 475.5786 -153.6700 662.7108 68.83922 661.6963 -112.6554 608.4198 84.84983 706.387 -34.593 358.1171 -207.7938 800.4386 -104.0963 697.385 5.217867 448.4083 -14.47020 573.8671 266.0398 408.2486 -61.32254 389.489 249.4024 278.3984 -135.3169 608.8062 173.9856 322.2383 -20.47936 558.5282 179.7690 297.5179 -36.08658 451.6628 145.4072 255.9628 -14.74810 548.4221 -40.81815 495.6401 63.54429 391.1335 25.14098 280.1448 43.03661 434.094 -341.0689 586.2227 -32.51062 677.8978 -335.3586 346.8214 -88.66038 887.9076 314.7813 -68.9707 -9.705014 472.2387 -354.7467 404.1586 -19.44223 723.1288 -233.9245 292.3259 35.53539 656.9929 110.4203 333.0144 -175.2315 471.5331 -492.1597 499.859 -6.828371 869.897 -219.6572 46.16459 44.90602 829.5168 66.1212 99.18758 -77.7012 588.1895 -264.4266 36.22474 -71.85732 916.2077 293.7082 -371.633 -3.394744 575.3728 -467.6006 965.9886 74.02168 217.4310
626.1145 563.9356 -124.1596 684.0904 753.7481 486.9546 -162.5942 767.2752 891.1665 250.3905 -402.6811 915.6324 559.3832 669.962 17.3723 655.8619 303.6869 603.234 61.83114 706.818 -5578.23 16871.79 -2412.699 -3205.769 822.7332 252.7076 -33.75387 909.0417 330.1880 608.689 10.16998 763.2291 378.6651 674.1966 -140.2347 717.6627 539.4872 639.055 -312.2698 776.6916 406.2434 808.3006 -146.9114 829.589 122.3808 1203.369 -25.74201 703.4992 334.0288 580.5868 -110.5442 901.1272 566.487 -29.74805 -1.255831 866.0149 512.3976 -13.86551 -23.10749 735.4235 585.4332 189.3026 -187.6645 832.69 88.14145 1035.052 -125.5836 919.124 277.5975 406.3369 -31.62526 745.0635 158.6613 769.7042 -88.39775 842.8966 22.09479 887.2319 -124.9539 926.7788 -160.1038 1505.237 -161.0790 793.0514 139.5653 914.4445 -178.1336 903.304 72.0642 442.0971 82.25878 843.8504 435.3624 -79.12323 -188.8432 906.4577 456.2092 -261.5469 -131.8441 855.3537 50.85649 657.5406 -31.29743 943.1896 54.25625 627.99 -162.1154 891.3373 -189.7504 1346.814 -135.1196 836.1246 -151.5655 687.3979 -71.12354 953.267 52.91763 690.2438 -51.83904 878.6679 9.51198 587.1054 -172.5018 1001.543 123.0013 135.4882 -136.2332 997.3972 25.95522 824.9412 -174.7432 927.9944 552.7248 -484.0556 -205.0044 824.2048 244.644 -119.6385 -14.66394 828.208 -143.4640 946.853 -199.4579 804.7466 396.1546 -418.5582 -126.0645 967.8992 87.8525 214.0472 -31.45173 891.6978 154.0453 248.4204 -68.45043 668.854 528.3966 -608.5262 -147.467 850.3027 -4.58527 437.5251 -42.45784 853.8654 -39.47018 630.2198 -64.07489 577.276 99.62461 215.0324 -58.56463 869.5843 -570.1669 1669.790 5.483693 808.3798 711.3776 -1239.136 -45.08886 788.014
35.61577 -138.4149 12.98175 -87.60256 -84.12394 -283.9639 93.81743 73.22382 24.68764 -270.2968 198.7173 -196.3049 -37.10665 2.398850 144.3031 -302.8862 -238.4779 -2.733836 74.49848 -39.4256 -2630.407 -2412.699 9265.237 -4771.932 -264.9919 64.08377 -21.13039 -1034.093 -17.94115 -97.66651 62.98548 -195.516 56.43275 -416.2041 343.7465 5.017965 -14.16064 -159.7524 183.1068 -108.2376 -48.97975 -204.5932 165.8200 22.47226 14.04007 -259.8520 362.5042 -331.9042 107.0264 -172.4715 177.6313 -241.5993 38.39121 -148.3157 -90.66245 25.01002 -67.92945 -13.32631 89.34926 -147.7973 22.48446 -57.47773 51.96722 -196.3000 59.9155 -314.357 117.3229 -34.08582 -20.02972 -13.46667 72.83465 -149.0312 115.1142 -109.7077 118.3352 -348.2401 -52.49459 -229.8106 177.3296 -108.4201 -42.86978 1.911133 330.4485 -462.3537 58.98526 -147.9883 173.2588 -311.1052 -111.6498 -85.4715 135.3093 -123.4409 -16.9278 -117.0381 173.9527 -253.1726 116.9504 -42.00397 -11.59799 -259.3858 -35.98385 -118.9930 72.95782 -102.7075 10.69235 -79.05072 225.8985 -355.939 55.85913 -119.9667 111.5470 -274.9578 15.84596 -197.3271 236.8681 -310.3189 -56.47973 -45.04861 116.1456 -263.2861 19.6191 -18.18976 19.02882 -330.0321 -35.23062 -101.3616 76.74504 -160.3153 -123.4753 59.09256 19.30694 -212.3276 11.69965 2.066622 51.07844 -317.9835 59.66583 52.02769 -193.7895 -105.6236 -18.44004 -64.89356 373.5533 -465.0612 55.80652 -102.2069 -37.12928 -244.1805 -12.67960 -24.50551 -114.8621 -162.8918 -74.21578 -127.8514 100.7653 -236.1883 -6.099113 -52.61928 -81.32653 -133.3397 11.91477 -55.23891 52.27903 -276.9076 -53.0039 -87.08275 49.83765 -187.0485 26.23832 14.72315 -35.16329 -377.8148 50.9242 -92.60597 127.3487 -290.3714 -126.5494 25.25687 -200.8083 37.37444
