# 45 cycle PhiX from CRI, single-ended
45 3.354992  730.869505
12675.05 -4801.059 -2300.223 -2478.979 1060.573 152.0525 -255.198 636.8891 645.0144 274.1732 83.25847 212.5875 378.6441 675.3313 16.5175 89.48157 330.7021 384.3549 -81.4396 392.7575 283.7942 493.6026 41.74495 148.8036 474.9519 580.0662 -52.80684 94.22342 33.9482 705.6183 -38.83568 340.4905 436.8343 340.9263 5.235684 123.6791 663.6431 346.3823 38.02943 -132.3417 385.8406 69.18672 -24.75296 308.7124 -97.63705 810.685 -39.31977 232.7544 732.4939 222.5170 -83.4212 -124.8587 -221.9396 718.0161 -39.93801 411.7468 109.1648 590.738 15.91600 195.0494 538.5546 239.5109 -110.1528 199.6552 -109.1380 719.5158 20.88761 317.5977 160.2927 299.2637 -94.1353 380.8298 258.2326 457.7526 5.598454 186.666 -275.2912 704.0866 -41.23038 339.5207 373.8893 129.3402 -24.35482 213.1591 567.5704 272.0209 -87.39987 40.92427 216.8090 96.71758 -23.42331 332.8895 -451.6128 877.6561 128.7304 212.8049 307.2528 322.1761 110.8957 -26.36483 -314.1653 555.459 33.11424 526.083 -200.3296 622.7721 61.56186 261.2309 337.6028 139.9616 -8.486472 190.6126 -51.30707 307.3933 44.06169 351.7742 159.0644 149.0983 -26.25812 429.0258 433.2216 1.523329 52.9732 205.4727 -95.94553 256.6803 92.45194 455.9089 -171.632 471.3379 -43.96279 423.4669 203.1620 332.9267 -134.9302 253.0429 -197.4467 114.4761 -89.32007 622.3843 29.2231 4.828991 30.42383 352.9939 67.70167 270.1517 -66.69022 186.4082 -142.9758 127.7094 -59.25138 378.5396 71.16127 -8.445852 24.72626 322.8518 -55.29503 297.4021 -17.46071 20.40257 -186.8476 342.575 -38.58144 237.1748 11.96406 126.2538 23.11825 33.21885 -24.33877 374.7268 -16.07653 230.9619 21.69774 28.39940 -108.8958 338.8019 -28.39854 159.7871 57.81497 291.391
-4801.059 14875.71 -1897.589 -3118.206 709.2689 628.5651 -107.8205 623.411 131.2843 1198.612 -132.3812 856.3757 536.3544 403.9929 -75.40185 506.1745 641.3043 515.1419 -217.4240 620.5653 394.8039 858.1827 -62.10357 714.2151 545.3091 532.4229 -35.87752 470.8718 656.5138 61.40718 -1.259397 684.3609 51.38325 1136.674 -54.85513 724.5752 306.2317 895.4374 -149.0224 591.062 184.9592 1307.786 -197.0049 711.4526 494.8809 42.83536 -70.13971 813.7807 -65.35628 1451.287 -105.3835 732.9551 561.757 111.2938 -114.0663 757.3347 146.3515 681.0426 -137.7797 785.0159 76.19563 1177.351 -206.6005 752.2061 420.143 134.4089 -207.0727 688.0941 -19.77648 1122.943 14.90219 704.5033 186.7138 576.803 -177.6587 757.637 508.7037 -60.67184 -122.8774 906.9479 -352.0463 1598.487 -155.2634 1001.982 -124.8497 1379.706 -239.0901 696.1196 -49.59271 1323.411 -67.0269 1029.868 569.7039 -425.0886 32.16449 919.6848 91.407 784.0737 -105.7576 859.1225 433.3167 -138.8635 -140.0294 967.083 235.5051 -61.75715 1.933938 885.0401 -6.32111 734.6654 -5.608905 797.2165 300.1384 424.2443 -155.0964 817.9941 -58.40355 925.15 -17.40003 674.8314 -33.99679 1144.260 -134.7626 986.8155 170.7548 436.0486 -72.0533 743.1904 230.1615 53.40158 30.26267 754.3891 270.0187 444.7684 -82.65911 626.116 276.1814 284.2499 -98.87572 783.9618 -97.4289 899.9134 -61.05436 836.9837 92.28078 521.5181 -54.04273 752.6149 228.9674 523.0761 -116.8124 733.0107 -175.5232 916.0016 -148.9283 604.4848 171.3901 455.4255 -88.79666 625.6848 306.4035 -32.87929 -151.3760 468.8987 -117.3702 733.6125 111.8082 769.0587 180.4586 -76.67683 -132.9824 398.3014 63.22425 382.2908 -35.18531 803.385 -99.0126 416.7916 -168.1714 458.2431
-2300.223 -1897.589 8295.491 -4485.35 -296.4889 108.8524 60.24526 -926.4134 -123.0586 -14.33291 51.83499 -101.7119 6.331359 -158.6251 122.6795 58.32582 -30.86849 -60.40629 182.2967 -143.0534 16.33711 -146.0027 74.46063 -73.24236 -19.21476 -156.1319 58.79079 -43.36172 46.19057 -139.3527 15.53274 43.39864 -49.69126 -173.4633 81.72954 -96.6707 -99.07503 -1.624069 94.79051 -141.3442 52.71053 -92.4103 173.8425 -314.3020 19.33579 -181.2011 22.91581 5.738546 -113.9123 -45.20949 181.6105 -238.8619 74.49539 -71.41787 -54.04354 -150.1601 -75.03521 -211.2086 34.12585 -23.94756 -51.43339 -94.7762 262.2406 -379.5880 68.80032 -144.4546 -29.53764 -77.18929 -33.15504 -134.2935 119.9396 -215.6911 -74.30543 -114.9020 134.7321 -253.2505 44.77847 -75.02052 19.29698 -250.9014 -74.68684 -121.8119 219.3682 -205.5693 -10.76989 -205.8207 222.977 -287.1094 28.1769 -88.3824 146.0189 -266.1855 20.76478 0.02250184 -172.1478 -36.57204 -46.79729 -33.01586 60.36475 -120.1772 16.23193 37.19096 -82.80822 -181.5699 -27.57601 44.23621 -52.47861 -160.8170 -66.9996 81.03768 78.68114 -220.2734 17.7089 47.82469 1.282262 -254.0249 -57.49038 -65.3335 67.70436 -189.6635 -103.6082 -35.6206 241.49 -275.7225 23.40086 -116.5890 56.02395 -234.6325 -22.04251 -46.80813 -77.92139 -105.3278 -41.62852 -99.51695 35.45803 -103.8705 -58.64044 46.86716 -66.99557 -255.6364 15.83381 3.099333 36.38731 -329.3917 -10.22871 -64.55689 30.50288 -264.1269 -36.15166 41.36343 -6.481675 -318.9612 -7.561965 -120.4159 104.6816 -243.0516 -160.2553 -0.5595738 5.366863 -250.2011 -63.85175 -9.069275 -150.9534 -127.7117 -97.16188 -66.08714 8.103752 -118.9275 -74.32581 -99.74334 -67.8519 -166.6101 -2.782585 24.0298 -56.40606 -298.2956 -47.30913 -47.23988 -204.7276 -15.05546
-2478.979 -3118.206 -4485.35 15470.50 416.0834 456.3356 154.1929 2274.595 560.1071 420.8883 -186.0684 1332.099 279.3162 465.2051 -131.8338 741.6291 368.4367 403.4684 3.996514 831.5542 365.6353 623.544 -66.55813 699.8754 54.3334 517.5408 -67.1514 970.4169 188.2314 591.5381 93.81515 444.5557 309.8144 543.9702 -102.5941 1113.155 23.34402 329.5557 -105.5434 1456.635 30.23165 668.6788 -25.17346 1122.144 371.8759 619.5518 4.407532 531.046 -65.14683 354.5464 -192.4285 1777.509 276.3757 454.1068 96.83834 568.0555 331.4313 543.241 -106.2363 920.8023 -102.1841 524.0729 -206.0021 1683.533 219.4654 580.0258 76.78669 689.4572 234.1935 450.6977 -226.2680 1330.775 117.3393 481.8446 -232.3495 1140.393 87.42946 516.6521 -52.04342 767.8556 267.7291 427.3881 -295.9657 1637.023 -205.5317 396.9852 -139.1253 1731.473 -43.59024 449.6556 -116.7447 1616.807 366.6067 430.1554 -11.14373 410.0381 4.059189 371.9626 -110.5088 1402.168 177.8342 447.0229 80.93539 606.0345 352.7135 330.8545 -60.43482 752.0401 82.1468 221.7684 -212.3358 1439.082 131.4211 419.3853 68.45234 1092.736 344.1249 410.2661 -110.3016 1132.907 -23.87088 428.4232 -140.2198 1616.894 181.0376 571.6253 -116.1095 1131.233 283.2476 538.2325 -46.66211 716.1688 9.055675 297.2256 103.7688 1130.772 131.6314 471.5512 59.92793 842.5365 170.1376 305.2046 -231.8027 1508.105 26.46415 299.6099 -154.3778 1225.298 58.26849 357.8234 -44.19489 1263.711 177.2412 404.604 -218.2515 1152.387 155.3229 42.68499 -164.689 1294.401 98.775 264.667 47.87356 953.1184 253.6887 291.4257 -200.1638 1127.552 74.43302 355.7003 -41.0389 965.5512 5.845666 351.5078 48.00489 1005.322 366.8156 295.6243 93.98802 1038.223
1060.573 709.2689 -296.4889 416.0834 13703.36 -4848.087 -2270.807 -2677.334 1059.930 439.8455 -173.2217 771.0523 552.5362 796.499 34.29292 488.4988 1053.552 370.7292 -95.85932 382.2732 371.5718 826.388 -37.12224 527.2892 323.1281 800.3029 -52.79903 593.747 648.74 513.0691 -92.05975 479.4084 149.9561 821.9592 -65.18354 645.8517 492.8966 688.5868 -18.53809 412.6268 777.7348 653.0659 -122.4772 225.7167 305.3868 631.7821 -101.3277 696.2105 361.8677 669.8068 -54.56037 629.7722 835.1486 627.7422 -102.0909 217.9835 22.16839 906.626 -131.943 728.6617 229.4156 899.9409 -66.94205 596.9096 415.9305 684.0452 -13.89562 452.1222 134.2318 609.8132 -101.6035 748.9643 -98.40383 989.9385 -88.19845 643.1065 207.3483 581.8599 -84.38877 674.8108 135.0442 545.7661 -117.2277 766.0358 2.42438 583.7842 -42.02836 674.5335 193.4933 524.9909 5.399926 552.9452 71.12706 351.19 -49.07177 656.4471 -186.7692 654.0283 68.00752 575.6561 148.9817 487.0216 54.90907 402.5708 -2.270927 415.2884 -79.6165 745.7193 40.00159 330.0962 24.31815 678.7947 477.0334 -6.899491 -24.75415 427.3713 -260.9789 572.6186 -30.85548 760.0925 -243.3510 604.406 -54.7338 754.6225 478.0649 -37.13738 -72.68826 515.9561 -382.055 687.0644 -12.29623 702.0915 176.1232 -102.9834 -18.77397 695.9377 -111.4535 721.6621 -209.0072 727.2294 -155.9813 321.8956 -66.73995 808.2848 159.4114 -187.0151 15.02508 723.2879 -275.4807 717.7427 -76.6877 640.0493 -46.50693 79.33655 -177.1835 874.034 -215.0393 370.2045 -34.71994 668.5007 233.9348 234.1443 23.31067 331.8901 -261.8296 262.8788 -97.35978 721.4933 46.09616 121.5290 93.0195 526.3357 475.2549 -310.8287 7.395044 479.1366 83.02387 24.02746 -33.15863 740.1845
152.0525 628.5651 108.8524 456.3356 -4848.087 14456.25 -1971.902 -2675.639 666.3308 708.6938 -141.5606 707.2954 424.1835 501.1151 26.1032 581.0765 199.4708 1253.025 -143.9007 516.3465 778.4985 363.1672 -213.2886 523.7252 697.1269 244.5827 -72.53087 527.8373 307.1247 878.4998 76.78735 391.9751 597.3958 437.2449 -104.9043 570.4122 158.6452 865.7148 -51.17888 589.7946 269.9964 935.2778 -66.0013 486.395 385.6484 689.4282 -107.9096 444.8691 116.2860 971.8375 -144.7347 696.9875 169.7256 1018.611 -98.84887 425.5346 415.4431 150.8381 -167.0275 567.7604 202.5884 667.7682 -148.6084 573.569 190.8533 674.7603 -136.1093 441.9078 265.3144 391.1252 -148.9487 659.8122 332.4432 -4.642663 16.65631 540.7564 185.5730 469.0588 0.3329919 559.608 146.5767 643.4071 -164.4513 556.9997 -15.70178 554.985 -34.58927 698.0345 322.5208 269.7688 -182.3593 690.9907 116.7492 628.6751 -44.95650 786.9416 253.2394 -54.96167 -33.8759 687.9006 117.7366 418.2089 -114.7144 776.2081 -25.18572 784.6236 -153.4520 739.9785 63.10843 276.974 -26.74135 757.8727 -332.8088 1517.944 -118.0105 646.6224 462.4071 -169.4313 -145.5439 576.8762 278.5161 -317.179 51.78372 769.8524 -357.9477 1481.415 -93.06018 541.2806 496.2585 -444.8116 -102.6705 547.4586 -332.1341 1492.619 -157.0652 586.2524 402.947 -215.0967 -33.52234 413.1193 121.8228 149.9180 -68.36804 649.7681 -290.8403 1150.465 -36.99362 667.2631 536.0094 -816.2022 15.43154 550.0803 -31.54078 542.2112 -25.73192 481.2632 221.0298 -212.462 46.07629 537.486 -27.67027 381.0033 -121.8455 453.8291 499.4278 -472.8523 -19.82269 529.33 -315.9023 1125.007 -90.25295 467.7764 -393.7152 1558.883 -168.2000 651.5539 -111.0717 738.2532 -80.00951 320.342
-255.198 -107.8205 60.24526 154.1929 -2270.807 -1971.902 8442.597 -4881.783 -250.4227 22.15532 139.5419 -1057.838 -104.0527 -3.803369 48.11948 -44.282 64.70102 -328.8236 361.6585 -50.97097 -3.314112 -88.66064 144.439 -10.01976 -23.68411 -114.8212 50.12496 113.6031 55.33598 -142.4075 130.1701 -108.0461 87.61852 -167.8109 92.52173 2.367383 -21.03811 -182.5844 173.1444 -93.81112 -61.85903 5.701595 138.3225 -131.6628 87.39515 -119.6471 151.1429 -168.3461 87.0382 -356.2669 230.996 -59.72869 -78.18631 -99.89129 260.9815 -103.1490 45.42447 21.96969 -16.79265 -131.9854 -32.80859 -230.6137 128.4064 16.19334 8.389687 -96.05258 102.0073 -154.0814 77.14418 -74.93543 1.851061 -125.1424 -84.2835 -18.86999 2.891839 41.69973 18.65573 -90.96467 85.9193 -138.7134 2.461975 -18.80462 151.5330 -194.8580 11.30678 -73.57729 48.69288 -11.42764 117.4412 -150.6166 178.0307 -263.4572 136.5239 -56.5599 -31.05238 -168.9290 101.1572 -80.2167 69.89158 -152.0973 0.2533365 -20.55100 109.1550 -191.1388 93.71451 -71.87882 20.23168 -333.8956 40.25558 -63.17703 -15.14301 -235.7666 -16.23362 3.225563 154.8470 -296.6272 58.94002 29.53906 -81.79808 -266.0766 -4.672405 -9.8251 7.377107 -173.8815 -28.46978 -130.0578 171.3428 -204.8291 -6.477166 26.29121 -124.4510 -200.0523 -40.42437 -198.7794 67.88503 -66.07415 -33.18457 -35.748 -104.2176 -98.3907 1.117617 -15.07191 59.12819 -321.0400 33.8325 -25.63060 139.2227 -330.1157 -15.86548 -54.48801 -89.29427 17.11464 7.387166 6.312826 -111.5849 -241.7569 -18.83688 5.505201 -39.20907 -0.9649228 -134.1265 38.36242 47.5649 -186.02 -120.5379 163.0283 -155.5037 -75.6086 -101.3133 -174.6199 15.79703 -98.95184 -124.9900 -113.4386 179.5674 -140.443 -30.748 90.34396 44.90677 -382.5807
636.8891 623.411 -926.4134 2274.595 -2677.334 -2675.639 -4881.783 18052.13 617.0407 579.4244 -27.56482 2934.141 725.7115 532.5653 -208.4952 1609.690 367.1898 531.7208 -262.2458 1966.400 381.427 635.4535 17.06383 1013.337 549.6456 657.0853 -90.15036 753.0224 78.46071 669.4873 -135.1961 1580.316 350.1318 698.346 -71.11583 996.4216 458.4611 693.5053 -274.4195 1763.652 69.56956 472.5605 -88.66781 1794.318 252.9063 828.7206 -173.1701 1454.443 207.0109 930.2552 -285.1327 1591.770 90.6657 432.9473 -296.4648 2279.047 359.3494 576.7222 -10.87439 1082.901 374.2565 691.656 -240.9743 1169.693 178.9035 649.1954 -171.5108 1441.725 143.1177 672.5708 -122.1044 1219.325 488.6903 489.8087 -229.4164 1110.423 -7.903392 527.9005 -289.8960 1543.801 199.7792 575.5772 -253.6752 1537.260 390.7539 520.7472 -334.3772 1328.092 -251.3832 572.6252 -233.5043 1492.089 56.18716 623.0272 -159.6195 1168.427 205.0507 469.8009 -291.1855 1175.654 -0.4387965 491.6824 -293.7991 1588.726 59.30293 489.9022 -78.03636 1460.702 179.8963 417.3779 -349.0062 1274.398 15.3011 426.6631 -265.7778 2025.164 65.39783 549.7464 -85.47997 1076.380 236.3591 486.4032 -247.6522 948.1931 -24.7019 435.6569 -263.9827 2099.742 229.0059 492.6244 -127.6850 747.4247 195.0967 560.7373 -197.9023 1739.06 -55.13052 388.3572 75.03897 907.5839 66.3278 385.113 -202.3427 1455.672 126.2473 374.5851 -365.0323 2038.204 -25.29502 459.8897 -33.56411 681.9323 87.2392 471.2851 -39.97708 1305.765 311.4072 190.8923 -171.545 1082.225 92.26162 230.4112 -151.3874 1914.536 88.39779 263.6064 74.53198 615.1185 335.7324 406.6489 -231.1707 1887.293 -22.35899 239.0533 -243.4012 1959.478 203.0809 452.8931 117.7694 2234.007
645.0144 131.2843 -123.0586 560.1071 1059.930 666.3308 -250.4227 617.0407 13513.21 -5261.434 -2118.967 -2719.110 802.0661 482.4363 -124.0662 579.6578 551.4536 664.415 65.21334 376.3213 763.2396 663.5876 -10.55552 115.0271 455.6007 573.7974 -144.8916 422.7184 53.25994 824.449 108.3609 398.4314 918.717 166.6920 -95.64769 239.2281 294.5914 604.0615 29.65862 407.2615 596.2962 389.2396 46.66999 177.5795 401.6705 874.1725 -21.01807 117.8273 207.9112 487.7886 59.34877 433.2689 147.1181 790.7523 -65.88038 413.4873 399.0254 745.1812 -78.97342 168.1714 125.6099 644.5542 -119.1746 553.6653 128.2666 740.287 41.05711 370.8701 275.4609 551.6409 -60.4851 310.9467 153.7454 455.4891 -106.6619 612.4255 -49.19326 655.8262 -75.7765 543.4043 509.4818 264.5829 -68.35156 336.4551 298.5716 121.6980 -85.65891 629.2458 17.68749 378.8104 44.56815 385.2597 24.59172 785.1486 -77.1205 361.9055 317.7814 -13.30652 7.210702 488.2266 -296.0013 733.9733 -42.55878 587.8799 -108.1664 790.205 -14.83851 345.3953 44.32789 -4.718142 45.18571 663.4456 -40.51775 433.7922 53.60432 272.927 -71.92893 519.278 14.18884 324.2857 127.9479 -123.4686 -13.62444 609.0251 -84.45448 347.2193 24.47678 527.1267 87.45429 294.8108 -73.06434 381.1372 -156.7800 396.1428 -50.94431 545.8387 -361.0267 544.975 63.16605 456.7817 132.3037 146.3812 -119.3411 437.2057 23.50832 47.53452 -28.12723 655.1242 -265.0476 400.7893 -41.59878 548.2984 126.4856 59.20796 -46.52932 507.0665 -31.24262 -157.3507 -125.6543 810.3827 -59.77641 178.0585 -13.70152 558.8198 240.2393 -30.94862 -82.96558 269.34 -433.8695 576.9377 4.342630 572.9052 -183.6272 232.0508 68.21562 414.1636 149.0142 297.5669 -49.21825 331.7304
274.1732 1198.612 -14.33291 420.8883 439.8455 708.6938 22.15532 579.4244 -5261.434 15659.62 -1990.68 -3021.020 698.0125 128.8703 61.12337 757.498 549.5306 183.5648 -38.23535 733.0538 358.1344 911.8924 -84.73924 579.4015 579.7955 770.3653 -138.9564 649.8809 605.3723 37.85343 82.27034 724.019 -13.18768 1907.951 -124.7523 559.6709 416.8812 740.5135 -136.3729 628.3137 -43.62605 1503.259 -85.64533 808.8459 643.1763 196.6385 -43.2622 461.9114 268.5042 804.963 -181.7124 797.8447 369.3725 434.9471 -7.470738 645.607 303.5292 462.0923 -87.12132 609.0964 335.5373 629.4122 -202.6807 701.3061 168.5396 715.2254 -191.8819 740.0126 312.6838 661.2546 -134.2254 835.9291 97.54677 1015.157 -125.9438 779.0937 159.5362 383.4147 33.76384 773.8432 4.148081 1107.517 -196.7894 772.097 -109.6998 1647.724 -294.1518 745.8487 47.80587 774.979 32.06592 965.7544 480.215 -23.62161 -89.11959 644.5825 -159.0237 1199.591 -198.3440 935.2198 385.5081 -244.3550 -17.99667 756.852 474.0034 -247.6786 -69.23104 688.6827 -135.8839 1032.914 -127.4288 929.7424 -38.57234 582.3474 -70.68346 824.66 329.397 10.08003 -139.8507 754.869 -21.24658 1200.303 -134.0025 750.6273 9.107992 445.4065 15.72160 545.0622 52.91713 715.2919 -182.2421 655.8646 253.2631 83.73157 -99.75788 708.5017 285.4728 -283.9306 -67.03916 832.2741 133.3148 593.7536 -61.1084 655.5228 -68.281 643.9413 -105.2672 811.412 273.0062 -68.64426 -2.752382 750.5435 -69.25284 812.4887 -89.60528 498.9089 -1.032076 849.9687 -89.83367 537.8915 -42.99608 355.0688 7.955653 477.8292 -217.146 1098.247 135.102 614.2712 603.501 -656.7878 -76.9433 223.7476 -14.76323 604.5968 -12.55477 818.0063 -67.70707 379.7548 23.4661 291.3741
83.25847 -132.3812 51.83499 -186.0684 -173.2217 -141.5606 139.5419 -27.56482 -2118.967 -1990.68 8063.88 -4541.192 -254.4681 145.7712 -40.78857 -976.0916 -34.20493 -93.30316 95.99349 -88.5162 115.2798 -373.9408 212.1471 56.22021 16.68880 -109.5850 126.7011 -51.76918 -2.851267 -110.5183 -79.31809 151.8276 -45.56457 -289.5351 399.8894 -160.4966 9.21476 -137.4364 123.9448 -57.25375 -37.72464 -242.5952 232.2316 -58.87458 -125.2910 33.80483 -4.326027 -21.63378 95.79537 -63.22248 131.6829 -258.0883 0.3496597 -160.9339 68.55541 -71.94403 62.91786 -142.8030 47.7909 -73.29445 43.62382 -116.4087 118.4826 -182.7094 -0.8683235 -159.8646 88.13712 -138.2037 -38.13487 -48.11187 70.26112 -171.5235 76.91339 -118.4206 94.64494 -251.5097 34.72927 -88.24253 21.93883 -106.1303 -37.98535 -142.8929 215.8748 -257.7756 30.69654 -89.63495 199.8551 -387.6490 39.38818 -124.6223 -4.669037 -71.14707 13.1158 -122.1578 26.30020 -110.1802 96.19718 -102.3963 152.8691 -385.4205 32.70613 -69.4182 -10.31339 -228.0404 -46.18908 8.21385 -60.31919 -78.4509 97.21519 -56.33307 103.6394 -450.1577 -22.46945 -63.50831 77.36406 -224.4458 -15.0555 -24.69531 -89.4173 -107.0290 -3.283919 21.10154 186.2129 -445.921 13.56721 -69.07895 10.19012 -131.9233 -56.29228 -107.0154 211.1493 -266.3996 31.18993 -63.15115 -16.8675 -279.65 -26.19193 -29.47505 -137.7304 -28.01406 -81.8253 -29.46385 115.6805 -226.5941 37.14200 -46.68189 53.66882 -299.3865 -80.07652 39.81480 -11.90832 -232.4607 -20.29249 -148.5227 107.2881 -215.714 -64.12187 46.67270 154.1490 -468.3828 18.55437 -101.2148 59.32329 -187.0177 -140.9430 10.82036 149.2031 -203.7270 -87.74223 48.38795 -131.4241 -107.5759 -20.83393 -151.4386 -31.28573 -101.2965 -99.72491 -35.71997 -7.078857 -160.3407
212.5875 856.3757 -101.7119 1332.099 771.0523 707.2954 -1057.838 2934.141 -2719.110 -3021.020 -4541.192 19041.16 676.499 766.8962 57.93866 2780.755 847.3485 552.0643 -274.7564 1876.298 501.9886 765.9964 -273.0996 1418.058 461.6227 609.0441 11.82266 1336.540 546.0503 658.6664 -33.15231 633.1486 188.6612 755.1805 -356.7626 1975.226 469.2859 864.2896 -149.3479 1502.894 391.7763 747.1345 -264.1482 1677.303 327.0001 540.1878 -217.7368 1467.595 271.2385 953.3956 -319.2628 1777.466 471.0634 738.609 -183.0037 1474.907 245.1247 612.4156 -264.5216 1682.474 307.1013 680.0269 -188.4756 1218.425 471.3722 699.8078 -234.446 1440.672 285.8293 525.0973 -254.6728 1399.392 229.538 795.1307 -221.1849 1573.925 336.4726 494.4544 -231.7255 1343.856 -26.26942 640.7169 -366.8901 1779.165 130.1739 683.6023 -240.9724 2023.624 122.6186 722.7478 -355.8915 1363.255 -8.858167 476.855 -205.6635 1294.809 -74.52346 707.2635 -228.1898 1864.199 262.9179 598.0399 -288.2166 839.0779 81.08625 426.681 -162.6035 1033.76 155.0942 479.9102 -422.7451 1801.754 296.3081 489.0017 -353.4833 1537.302 219.7492 428.569 -184.7167 1087.372 -0.8773576 492.7286 -350.413 2067.699 197.7677 544.778 -326.4765 1480.353 49.20043 476.9742 -225.5860 1652.667 142.3254 520.006 -167.0897 1039.965 278.8208 406.7457 -54.56937 702.9028 -153.9851 359.0609 -216.5939 1660.745 -18.08614 555.3485 -243.9005 1577.097 260.4976 315.6564 -177.4413 1197.424 164.9687 517.7131 -239.7113 1601.986 145.0456 305.6488 -216.2342 2088.603 196.8473 396.1088 -220.9234 1802.927 121.1387 125.9003 -348.3242 1894.790 163.1718 368.0953 84.2934 933.731 187.5767 315.909 -152.5915 1479.373 244.9648 438.9393 25.73685 1871.421
378.6441 536.3544 6.331359 279.3162 552.5362 424.1835 -104.0527 725.7115 802.0661 698.0125 -254.4681 676.499 12767.37 -4829.931 -2216.286 -2596.481 1003.293 97.90659 -50.71727 564.5046 759.6863 376.1834 73.41418 240.4745 845.6185 527.4207 0.03904145 53.95856 555.1674 247.9253 -60.01326 405.0237 144.913 747.0095 40.84859 451.2626 690.8054 434.8527 -61.39991 241.1532 -13.30418 807.8788 -32.28107 549.5506 583.5302 402.3706 -10.62759 227.9041 631.0592 588.1002 -42.28478 79.30536 275.9790 408.2043 -102.5995 606.5308 240.6831 638.709 -37.26401 422.8636 616.6018 756.3803 -137.8332 39.78057 44.12327 624.4462 -59.9406 611.4565 -10.02200 789.0522 -44.93647 434.7129 482.3912 491.9956 -38.34383 342.2375 -3.46314 448.714 -10.24377 538.3383 -101.0006 691.3186 -46.84035 572.1237 13.65230 677.6759 -34.29376 456.8025 -156.5866 579.774 3.518534 485.0577 185.3023 311.4257 -18.52569 466.2553 42.17586 633.1805 14.08060 325.7305 384.1431 62.81838 -26.56163 396.8027 213.8206 240.4633 -0.2711441 286.2578 -31.18500 558.5623 23.9135 325.0944 -264.5234 471.5881 68.4133 586.6979 31.55057 340.102 -21.26785 345.7129 -72.73749 472.2357 -7.877284 415.2459 -278.6014 517.2677 -107.1908 596.3105 -1.723415 328.4472 -78.5779 494.7184 225.9757 54.60807 8.168054 285.2499 43.6607 99.02295 58.18156 442.9734 -197.8808 290.0247 3.403837 467.246 -193.1524 534.0148 -147.0220 478.3024 10.37115 -0.3292646 48.24137 586.7407 -355.4738 399.6782 -18.56964 630.1602 -76.50972 323.5676 -67.60698 477.4037 -267.8596 277.0562 47.75691 622.9634 -68.01381 147.2492 -26.01436 547.6147 256.0614 -38.67475 67.16518 249.2603 -374.9764 381.0694 -76.21484 697.4973 -71.2205 295.7199 27.08371 382.637
675.3313 403.9929 -158.6251 465.2051 796.499 501.1151 -3.803369 532.5653 482.4363 128.8703 145.7712 766.8962 -4829.931 15110.27 -2048.762 -2868.771 595.9804 977.4897 -106.2082 804.0998 87.81392 1181.122 73.41074 695.2648 288.4226 1177.148 -200.5838 626.3726 305.0550 1459 -244.3744 812.7906 564.2685 284.7953 7.905201 606.1339 269.7122 1403.53 -144.3723 348.6544 694.3606 78.90645 -40.34258 609.8957 -15.35411 1403.416 17.84172 657.1721 199.3469 794.5266 -111.1078 687.2086 359.0749 976.2086 -144.3892 560.3726 27.20941 997.7283 -45.97198 742.9332 126.9169 653.0905 -69.52512 711.5208 420.0776 361.7306 -159.1682 605.4272 176.6049 502.19 -126.2108 731.6357 114.0994 682.3037 -90.99903 735.2001 391.5736 498.0755 -200.7028 978.031 159.2412 393.2884 15.15215 668.7828 472.8576 -141.5966 -151.3864 738.9893 269.459 316.6431 -98.55712 917.9317 -130.7777 1063.460 6.520173 986.55 333.6811 208.5486 -166.9445 604.0876 -252.1929 1470.933 -154.2318 943.7998 -143.8009 987.8167 -138.8345 873.0157 372.8576 -169.0852 -95.24809 815.2877 313.0515 169.1807 -190.5357 891.2041 -68.96762 487.2873 -49.53242 777.3325 279.4211 76.65129 -75.59855 762.2916 364.4819 -56.49479 -133.1736 717.1235 -23.77834 572.5128 -29.17304 656.4019 37.66297 778.6953 -227.8131 701.996 -79.71322 680.5762 -216.5753 881.8845 -55.2162 517.8844 8.629868 727.3995 586.1683 1.612658 -15.67674 465.4487 -176.2453 815.3552 -59.89963 721.5678 248.8522 -138.6710 -104.6301 415.231 282.0409 79.50056 -41.72765 534.5492 263.7621 156.2165 -167.3164 543.7739 83.36637 114.3027 100.7083 625.5522 -210.5968 1098.181 -99.41343 281.9459 487.9201 -377.2318 6.470118 634.8536 -50.50346 366.6677 -137.3526 322.5134
16.5175 -75.40185 122.6795 -131.8338 34.29292 26.1032 48.11948 -208.4952 -124.0662 61.12337 -40.78857 57.93866 -2216.286 -2048.762 8692.581 -4614.477 -361.7089 216.3944 149.8238 -1164.164 -47.26393 42.6191 76.50574 -58.68176 124.2416 -306.8071 306.2193 78.76692 132.7833 -109.2773 324.0634 -227.8709 7.40085 -110.4314 10.56007 175.8361 61.91677 -225.3500 263.4262 -137.6706 93.61756 -80.54002 -11.35222 6.662696 -47.91511 -124.5618 206.4683 -123.6959 -5.958836 18.74361 134.5769 -184.8513 96.5287 -66.02151 157.5080 -318.9578 66.03896 -187.8560 129.6309 -106.1651 -41.89078 -59.25219 193.8520 -168.2846 -51.32517 -42.34198 39.19766 -99.72989 36.68029 -187.3926 135.3217 -96.48611 -11.29535 28.09125 137.8979 -310.4971 77.03002 -85.4367 85.40078 -189.0589 -11.25834 -53.75662 -37.99503 -48.19374 -26.5317 -2.737762 -18.95702 -139.2645 102.6823 -9.440546 -22.55934 -174.5982 40.56458 -158.7955 69.93892 -34.83851 124.7791 -25.07211 45.74603 -345.0563 46.84802 -134.3017 146.3777 -246.5826 -52.7975 -32.61969 196.1682 -281.884 10.76469 82.72613 31.86551 -238.2265 -17.86218 91.91921 -66.95184 -272.6227 -42.37615 -80.62217 134.2806 -256.9101 -63.93482 121.2851 -55.10766 -250.0061 68.58217 27.70443 10.36562 -356.7666 -0.1094956 -14.95027 31.28345 -203.362 -13.14779 -99.09255 194.4641 -366.2796 -25.3686 11.32985 90.75975 -330.5844 -8.483392 -13.51657 -58.4436 -222.5801 -133.6399 55.91565 -17.3933 -85.61102 67.2262 -63.03351 -45.45095 -263.7507 -71.81979 -40.32877 19.13881 -232.7231 -18.05656 -33.62068 11.36951 -210.4477 -30.26331 24.40983 -94.99046 -247.6263 -32.80887 33.50765 -45.57146 -100.2406 -151.0379 -42.22512 171.1414 -400.5332 -110.8560 130.2045 -110.8189 -170.7008 -199.5824 -13.81081 -137.7664 -81.09338
89.48157 506.1745 58.32582 741.6291 488.4988 581.0765 -44.282 1609.690 579.6578 757.498 -976.0916 2780.755 -2596.481 -2868.771 -4614.477 18167.5 774.7759 386.6074 -96.1422 3132.601 822.8817 604.4246 -309.7617 1501.085 336.3256 561.4817 -301.9078 1620.624 260.7183 454.6255 -9.391197 1762.717 539.4686 671.7756 -128.3867 665.0462 17.49228 787.167 -207.2938 2001.508 353.696 790.3472 -16.82327 878.6013 449.0332 781.1012 -432.1578 1822.827 85.85815 630.4247 -217.3713 1921.727 191.3281 881.1346 -184.86 1764.184 453.0925 859.4473 -310.6848 1189.884 105.2660 542.9492 -344.3259 1682.699 444.3052 748.3707 -93.15113 1132.908 476.4049 570.5227 -255.4050 1248.082 117.8272 557.0682 -359.6212 1745.758 72.60647 722.5567 -121.8559 1366.870 383.0313 559.7724 -338.4587 1025.068 97.41802 651.943 -203.2105 978.634 43.39642 559.0327 -95.2052 978.2495 282.2175 673.447 -349.4038 1256.366 -244.0457 443.256 -193.4759 1416.453 -9.794194 786.634 -235.3062 1775.233 222.6901 519.9176 -313.1737 1787.762 -82.34283 362.9357 -272.3646 1426.817 168.9814 369.7306 -104.6729 1187.709 365.1859 536.4263 -393.577 1639.929 79.56166 327.9260 -211.3059 1002.953 70.54969 364.7687 -50.33903 1300.843 218.0851 541.6951 -244.0486 1323.221 -89.21983 508.3597 -298.8138 1827.743 81.25898 594.2357 -215.4279 1690.756 223.6155 347.0747 -198.4302 1133.876 -38.25859 133.1374 -104.2738 1308.977 83.99774 564.6594 -157.6104 1347.253 381.9403 317.7882 -122.1099 1226.052 -36.97027 442.4033 -177.1174 1291.528 19.96213 467.0747 -17.97844 1326.972 156.723 345.4505 -173.1290 915.9666 182.3814 260.7415 -253.8759 2632.996 40.99116 253.7611 51.68741 1021.839 360.968 355.4431 51.00286 1591.739
330.7021 641.3043 -30.86849 368.4367 1053.552 199.4708 64.70102 367.1898 551.4536 549.5306 -34.20493 847.3485 1003.293 595.9804 -361.7089 774.7759 13959.59 -5178.615 -2417.524 -2859.323 882.2443 574.5777 -149.7171 515.6064 554.3612 746.2527 -26.91749 400.5465 964.3989 369.7791 2.081868 195.9726 199.5019 875.4798 -111.4437 604.502 353.0396 712.2303 -34.21384 549.6683 523.7115 748.1454 -71.27453 385.7611 462.4933 596.489 -182.9907 602.3618 432.7731 521.5718 61.21474 470.2295 575.0161 799.3648 -90.22556 269.0537 116.3352 822.7482 -95.39725 551.3329 407.4286 493.9262 -103.8315 541.8596 649.953 687.9847 -21.49857 136.3924 136.7961 516.3709 -134.4026 680.1266 -112.3895 980.5332 -32.14448 660.8901 263.6044 492.9271 8.80541 487.2239 85.39875 624.0976 -119.0111 688.8065 -133.8315 924.8397 -78.65843 643.4663 173.2587 592.4156 -30.96751 493.7309 -30.51731 467.9906 -74.98818 726.5944 -204.7519 877.8379 -39.44165 597.2162 396.1089 369.9927 -27.65346 384.6818 247.0993 171.1445 -89.20664 666.2676 -139.7634 365.6732 -27.69803 805.3048 272.9175 339.6882 84.4661 290.5306 217.3239 143.8184 -15.61663 532.2171 -397.0806 759.1005 75.38883 624.5771 217.0663 203.3238 32.6484 322.3173 -302.6866 534.9958 -106.3223 735.2073 241.4043 -11.36937 -114.2437 690.4858 234.1620 96.00995 -0.8764838 575.0728 -213.9275 316.7022 -25.90853 668.1513 -203.5801 267.2118 61.24949 601.6978 -127.3597 524.7813 -64.09121 564.0323 -174.3833 123.3566 -50.89243 881.0229 -609.9177 522.3752 15.74673 887.1968 6.105672 426.1185 -45.27618 452.5878 -517.425 441.4598 -108.5083 908.8803 363.7573 -326.313 54.37138 462.3811 22.77154 309.4108 -83.41091 472.1828 -246.8111 179.2320 111.1664 601.4434
384.3549 515.1419 -60.40629 403.4684 370.7292 1253.025 -328.8236 531.7208 664.415 183.5648 -93.30316 552.0643 97.90659 977.4897 216.3944 386.6074 -5178.615 14595.96 -1807.150 -2806.946 677.7787 414.6575 22.55365 508.6599 351.4313 180.9441 68.18531 615.3727 -0.06637836 1288.649 -94.0093 522.059 636.0833 37.57466 -122.9198 608.6501 177.0880 920.1133 -76.84787 453.4461 373.6676 516.0087 30.33797 348.8257 238.1417 839.144 -79.87956 428.9302 14.36094 966.901 -31.35924 580.001 309.5561 512.6388 26.29561 327.6342 324.9639 358.8606 -94.58044 438.9677 -88.64343 1087.551 -61.07099 633.8961 44.37377 661.3924 -0.2066110 332.5995 149.7342 804.0037 -116.8563 640.4234 394.6194 -99.07956 -179.2749 601.4024 151.8187 579.6664 -79.25986 585.5238 287.7069 476.0929 -207.2105 599.699 237.4796 -144.2726 50.33977 617.9134 285.5095 123.5847 -69.37426 676.3068 287.0910 486.1933 -105.7553 590.4786 363.9756 -495.6663 46.50863 580.6491 -109.9824 935.226 -105.8750 586.6036 -233.2835 1146.762 -129.2033 732.7472 -55.35853 375.3992 -19.92329 732.8764 -74.88943 663.1132 -147.8580 590.6362 -194.1624 923.8442 -146.1991 714.5277 400.2025 -511.1935 3.950626 658.6953 -65.11628 732.0278 -98.74886 535.6517 333.9494 -187.6272 -59.00069 491.8966 -394.7442 1186.019 63.80313 544.0166 -94.12455 1072.913 -196.4513 439.7374 255.8802 74.02063 -58.1586 677.9132 124.4685 30.98747 17.72753 734.9247 367.2406 -41.02829 -105.4508 399.688 -119.1678 576.8796 -105.2768 435.7197 388.8766 -693.97 102.9285 498.7579 190.9917 -177.2736 -81.9392 385.6122 450.9978 -613.2594 50.43048 593.6959 -788.7743 1937.035 -73.78413 314.3072 111.5506 135.3464 28.79852 553.6552 52.84611 422.6568 -293.235 201.7505
-81.4396 -217.4240 182.2967 3.996514 -95.85932 -143.9007 361.6585 -262.2458 65.21334 -38.23535 95.99349 -274.7564 -50.71727 -106.2082 149.8238 -96.1422 -2417.524 -1807.150 8479.281 -4574.12 -296.8381 176.2162 8.565368 -934.4918 -66.67048 24.33818 -17.31159 -35.07771 108.0152 -362.374 331.1486 25.3343 115.5061 -70.63773 11.15349 -64.67904 77.08751 -225.6946 166.5956 -70.8839 106.7763 -214.912 138.6008 -111.4785 51.30687 -179.7318 147.8529 -93.75273 24.42662 -112.3712 96.5977 -114.742 6.408388 1.841672 27.46869 -127.2252 81.08142 -55.27053 25.52907 -194.1541 101.0925 -205.5971 157.7421 -148.8995 -88.71146 -74.07105 128.4832 -52.97374 -13.24541 -96.09968 141.2257 -180.2489 -33.19761 -146.4776 1.795214 13.60666 114.0695 -55.56423 52.90594 -258.148 -7.190913 -101.7816 111.7379 -167.7738 -31.61251 -53.79523 16.54109 -111.8631 -27.31922 -8.592116 68.49958 -200.2715 54.01378 -28.13650 10.32011 -182.7809 -27.33550 1.018428 -108.4573 -2.219318 149.3625 -192.0581 152.8467 -339.3794 78.67878 -13.26282 112.8630 -332.1033 57.46878 -37.95827 15.48272 -215.4175 -8.203652 0.4136806 201.7247 -330.0007 23.05136 -21.43966 -15.02652 -303.5083 -44.86561 -47.10706 -62.99315 -114.5048 -69.40153 18.09740 169.4182 -265.8377 -17.03685 88.92782 -57.49185 -292.5834 -16.97766 -60.61927 157.4882 -317.3265 -48.1649 -31.45863 121.2376 -205.6443 49.42735 -44.63858 95.4503 -438.3977 51.53419 -134.9169 8.554156 -193.7324 -36.62186 -23.61010 -87.33001 -51.27781 50.03149 -42.85896 -41.21232 -277.1202 22.60671 80.84675 -137.6795 -248.7665 -46.39661 -137.2737 79.73379 -206.2827 72.76507 41.26263 -161.7141 -261.9656 24.82255 -203.4613 271.0481 -313.028 -218.8828 106.5019 143.1120 -261.3075 -106.1574 38.09347 -66.01821 -128.8521
392.7575 620.5653 -143.0534 831.5542 382.2732 516.3465 -50.97097 1966.400 376.3213 733.0538 -88.5162 1876.298 564.5046 804.0998 -1164.164 3132.601 -2859.323 -2806.946 -4574.12 18486.89 635.4399 545.5054 38.34726 2309.33 791.146 496.1064 -184.9116 1251.742 157.4914 675.1146 -292.2894 1838.471 377.0757 672.077 23.96364 1070.197 584.8221 834.3977 -208.4588 1608.641 -6.547708 912.2967 -245.0416 1689.335 339.3389 937.0299 -159.4833 1431.003 382.2014 840.3445 -362.4662 1768.955 161.7839 587.1853 -242.7529 2109.175 366.3590 887.5864 -163.9245 1257.023 281.9667 952.9488 -315.803 1446.088 209.7826 746.0319 -331.8833 1579.657 310.8389 772.1793 -183.9387 1455.842 433.6832 606.5204 -117.9345 1042.790 -29.02483 556.2358 -281.9954 1732.564 123.6333 756.0858 -152.2032 1268.879 473.3318 613.1341 -312.3897 1079.896 -60.6468 518.1722 -254.7928 1424.367 186.5751 548.2789 -203.5478 1136.507 276.7102 508.0168 -209.5537 952.3314 -146.4954 585.0882 -303.9774 1989.459 26.74719 771.33 -237.6965 1614.037 308.6906 541.1591 -294.592 1153.476 13.68688 482.3433 -413.7273 2166.048 51.17968 618.2158 -103.5804 1607.761 410.1539 401.4568 -285.5215 886.1656 -38.6086 513.557 -333.5119 2148.703 211.3333 533.0014 -63.9834 794.9983 193.4486 550.4459 -370.3452 2143.378 -61.83813 426.4167 -157.6528 1501.853 3.529674 484.3583 -259.4528 1387.063 207.1451 417.7197 -322.9626 1455.242 -65.78946 404.1040 -39.76568 874.9595 238.6671 535.996 -68.0976 1502.740 430.3618 251.4051 -109.489 791.7467 20.86829 496.1401 -126.7899 1527.562 47.20769 350.5332 28.68019 716.5891 218.148 540.579 -312.8999 2582.227 178.9996 -63.35855 -230.4226 2009.647 460.5052 342.9629 177.3557 1635.869
283.7942 394.8039 16.33711 365.6353 371.5718 778.4985 -3.314112 381.427 763.2396 358.1344 115.2798 501.9886 759.6863 87.81392 -47.26393 822.8817 882.2443 677.7787 -296.8381 635.4399 13510.80 -5238.6 -2333.602 -2740.053 824.6115 387.2291 -157.0003 611.1264 477.7956 444.7113 113.5869 322.3436 813.1507 609.9605 -89.69179 169.3159 477.9312 500.1256 -63.23017 489.3567 114.6482 854.1748 18.80551 415.9222 801.7405 434.9494 -212.5492 317.5677 308.0793 495.3427 -118.4427 564.7008 316.5341 683.0365 -4.556421 336.907 1055.918 209.0548 -85.6413 27.32639 202.2199 571.3247 -33.66183 556.2285 -122.7989 1063.828 -74.11518 439.7662 575.5417 599.822 -140.089 196.2763 17.46919 552.4811 -143.6371 721.5518 -100.9080 798.9619 2.471660 496.9022 472.2528 352.1026 -99.80818 426.0961 -126.3681 799.1167 -93.72165 588.7952 227.6089 286.3183 -28.06761 451.8841 188.4612 553.8096 -53.37524 454.7292 92.2498 421.8908 -76.92263 533.5211 59.41313 432.863 58.59392 401.7305 200.5576 648.3352 -37.26877 201.4601 -135.5539 547.376 -119.1511 650.3078 -401.0641 827.368 37.98697 601.7227 364.9690 215.1124 0.6510322 182.7770 43.71618 209.5698 -63.2588 633.7756 -364.6594 781.3026 99.74536 415.3512 10.78191 472.4408 -63.97861 223.457 -278.2961 511.2684 -113.1131 544.1054 62.80295 130.0999 -119.5771 637.3884 278.2813 -126.0904 27.91209 375.2578 -550.6368 626.6018 50.45192 639.2731 216.6317 -223.7758 51.8574 432.9434 -219.7082 655.5271 -135.2346 415.3818 -25.08887 17.18298 8.954248 653.0351 -329.7744 393.1688 -117.2273 666.3942 250.6540 -114.547 -48.77932 550.4851 -476.9034 431.5181 -42.39315 647.3553 -441.8688 432.453 57.91245 639.4872 -49.58181 427.2321 -20.22039 311.4937
493.6026 858.1827 -146.0027 623.544 826.388 363.1672 -88.66064 635.4535 663.5876 911.8924 -373.9408 765.9964 376.1834 1181.122 42.6191 604.4246 574.5777 414.6575 176.2162 545.5054 -5238.6 15840.14 -2061.622 -2848.773 830.0999 584.7024 -73.03275 813.7481 427.2543 645.1159 28.11836 836.099 214.6634 1137.809 -115.9783 612.1042 382.9897 1231.912 -225.9168 577.4251 485.4244 448.746 -23.32095 695.5849 132.9559 1560.085 0.04220623 416.8951 239.6245 972.0456 -113.2408 699.3585 189.2514 932.7128 -43.92379 735.1274 -269.1224 2059.175 -207.8132 627.7941 278.8205 780.5421 -217.2093 775.2737 468.4769 99.81387 -129.8963 670.9594 106.8922 674.6021 -38.11615 875.4833 143.7579 866.4213 -133.7424 832.2152 293.7286 250.732 -151.6146 935.1677 -187.6849 1391.681 -126.4957 695.5676 401.8156 75.7416 -199.8953 867.6637 -246.3114 1288.210 56.27376 951.8708 311.8093 269.4564 -85.86707 853.6891 40.28258 740.667 -178.1594 883.492 -28.18152 832.9691 -41.74283 856.7227 203.9198 306.0226 -228.3794 833.5609 322.4662 54.03724 -138.5251 840.3293 369.3068 -343.354 -108.2813 719.1246 -121.9681 957.7365 -216.3154 852.6112 -88.81967 903.9904 -127.9915 838.3 331.3241 -440.8546 -52.8392 706.044 108.4945 513.9692 -105.1483 733.2919 461.5579 -152.7572 -175.9319 653.438 -275.5417 925.7038 -82.10841 790.9555 -240.2501 1390.568 -182.5459 775.0378 586.5766 -410.9766 -26.47970 741.5355 -386.6050 1407.172 -123.6944 938.0181 492.43 -382.973 -182.4123 487.2817 -15.69899 776.7667 -141.1195 790.9637 91.95056 212.9876 -25.00096 468.1778 -153.6314 1118.455 -14.01619 679.881 479.0893 -416.0868 -79.22156 384.9339 356.9648 -368.182 -13.99593 726.8868 73.45595 -5.543184 -117.1774 321.6088
41.74495 -62.10357 74.46063 -66.55813 -37.12224 -213.2886 144.439 17.06383 -10.55552 -84.73924 212.1471 -273.0996 73.41418 73.41074 76.50574 -309.7617 -149.7171 22.55365 8.565368 38.34726 -2333.602 -2061.622 8568.419 -4281.046 -252.4653 168.7907 51.29631 -1091.085 -67.81526 16.75441 109.1195 -45.11332 81.88264 -298.8839 334.1446 -28.75372 35.1014 -88.52326 250.2786 -239.0062 4.399981 -72.99411 60.26809 -28.89131 -15.04491 -204.0771 268.5152 -205.4287 66.76574 -56.89457 144.329 -178.5292 5.295915 -116.8479 110.6420 -153.8790 -127.4549 -22.57025 335.1542 -263.6683 5.204684 -5.924368 115.7880 -257.4539 62.85472 -267.7919 -30.98108 27.63852 -0.997341 -24.35595 174.2045 -303.7825 86.25088 -57.7984 175.9688 -349.2820 5.94993 -146.7625 87.50313 -42.78072 -8.73924 34.86662 216.3634 -422.163 41.45636 -80.83944 -37.63734 -135.0347 1.441847 -66.95951 180.9038 -262.5547 -72.02567 42.99041 114.3624 -230.2167 72.45831 9.85606 81.32691 -324.5401 13.37727 -69.55168 81.59587 -134.2251 39.93778 -80.53028 137.7669 -341.6474 86.72023 -63.1043 -8.25045 -232.9419 18.33306 3.375626 -64.17135 -173.2942 -64.42578 -56.33373 198.1002 -360.6857 88.56219 -80.85797 88.74168 -355.7788 -53.06643 74.4963 -131.0546 -159.0829 -101.5132 3.193197 161.7004 -326.8227 -37.29811 137.8125 4.520494 -311.2781 16.69626 -53.58161 164.08 -371.6652 -31.06654 47.72931 235.8954 -440.0757 63.68412 48.46869 -98.32428 -322.6087 -21.39141 -34.93967 139.6737 -296.5026 -36.50888 -113.4369 -39.3461 -123.1567 77.49515 -45.54912 37.08015 -417.1023 64.0927 -85.2222 -16.5466 -272.1218 -12.96994 -137.0796 202.2158 -352.7723 -6.820062 232.8123 -155.7573 -372.4788 -34.14398 79.9863 -110.9897 -129.7402 -209.7172 39.09809 -70.60931 -187.1117
