# 45 cycle PhiX from CRI, single-ended
45 2.710903  750.014510
11294.46 -4990.175 -1881.178 -2414.688 1173.225 -647.9908 -141.7890 620.3759 839.6654 -488.22 45.16218 202.3932 659.1425 -233.6968 -2.980775 97.6937 632.6979 -531.5131 -92.99556 268.0464 454.4199 -312.7719 48.14334 259.1001 479.4417 -104.9268 -32.86660 195.0063 380.0281 -277.1886 -8.584751 334.6202 558.8162 -365.0989 69.0568 27.27795 803.9464 -467.6493 12.96183 -97.31453 557.1244 -600.5375 -52.45323 185.1067 399.9335 -209.9677 -1.020169 187.5757 773.1454 -438.1571 14.60455 -63.79114 414.1095 -643.0729 29.95788 241.2097 543.4679 -513.8719 -37.65804 215.2076 419.8581 -281.6199 -30.31557 96.11935 470.0826 -622.4316 -103.5899 355.3014 628.7063 -544.4809 -13.52103 120.9203 446.3542 -346.4336 -12.30288 161.7686 554.7396 -769.644 -68.00716 209.7801 493.1206 -766.9913 36.53174 218.7204 773.9579 -547.4728 -51.60778 53.64697 340.0425 -495.7264 -78.03859 406.9739 761.2086 -963.0505 44.46876 93.7631 757.9205 -628.6776 -1.669027 40.46488 465.6592 -774.0092 61.56005 179.8283 686.8862 -987.75 29.48066 178.1153 695.7128 -874.0233 -79.90974 228.8340 356.542 -531.5415 -25.9537 320.5576 622.9895 -843.3798 34.32038 290.6108 764.2261 -742.7287 53.44109 -24.1611 478.1785 -669.265 56.46441 243.479 579.3712 -900.84 56.4918 283.6701 329.9862 -159.1870 -85.14955 -25.32608 387.246 -874.3892 -63.8709 429.278 324.5353 -677.4154 2.842378 121.1405 490.4557 -809.2705 -41.65974 285.9827 1007.946 -1018.447 -124.1049 -167.0572 -56.34983 -194.8542 14.97136 243.4596 745.0979 -912.5621 -105.6515 -179.2317 799.647 -1239.345 -96.03808 130.1702 159.7609 -307.9407 -20.95828 46.23195 439.6784 -536.7567 -115.1868 -89.5729 814.9822 -1308.159 -112.7060 139.9720 593.0683 -789.1987 -69.82897 -115.0970
-4990.175 20282.85 -1870.455 -2571.354 -789.5025 5552.398 -392.4713 210.2785 -578.3289 5444.827 -61.37154 493.7233 -495.6774 5412.43 -112.1440 196.3462 -589.1714 5762.937 -258.8466 346.331 -874.7262 5366.249 -225.2940 84.54997 -618.4482 4806.542 -303.7917 102.9638 -604.0922 5020.242 -143.4092 85.17415 -951.3533 5460.674 -104.3147 386.3997 -740.8869 5430.909 -147.8911 199.6511 -838.7362 5598.3 -39.20303 490.1192 -1114.255 5116.116 -252.3585 231.1883 -1120.505 5361.317 -214.8498 261.9106 -1106.56 5432.206 -89.35155 322.3252 -1453.981 5602.903 -375.188 308.6579 -705.0496 4898.028 -74.88328 641.1637 -1364.430 5705.535 -401.1758 77.01583 -1627.570 5880.752 -130.7360 595.252 -1270.391 4938.181 -276.0485 203.4933 -1475.056 5978.615 -148.8855 1043.522 -1441.936 5544.25 -123.0792 578.5052 -1585.953 5618.886 -453.5226 495.4861 -1116.387 4816.727 -110.2802 806.7724 -1876 6215.441 -137.4978 789.2726 -1582.560 5841.741 -378.6261 610.402 -1400.909 5101.921 -22.82119 1149.923 -1884.774 6251.723 37.87724 1145.419 -1331.328 5467.081 -38.93827 681.9479 -1239.413 4774.264 -230.4790 798.7169 -1845.901 5634.682 -143.9111 384.4666 -1404.545 5396.157 -258.2303 886.1397 -1291.867 4966.145 -8.017788 847.6272 -2075.282 5495.934 -425.8902 596.1075 -731.4799 3931.038 27.91332 768.6508 -1707.863 5068.086 -176.8534 597.9996 -1191.155 4387.894 142.5342 771.566 -1802.063 4630.713 -526.9085 205.7513 -1626.028 11373.25 1603.352 2316.870 -1163.180 2396.382 -661.4712 -504.6008 -1433.390 5073.106 290.7704 736.0915 -2067.684 5579.096 -417.5334 705.5056 -1489.596 3687.131 -300.1916 106.5868 -1134.809 3830.189 126.8213 1008.088 -2057.574 5758.021 -78.55899 657.8901 -2085.155 4855.593 -292.5352 579.8317
-1881.178 -1870.455 7492.262 -3934.384 -244.2991 18.96961 31.40847 -767.9853 -143.7032 -18.52311 61.75704 25.95294 -88.32271 -287.8460 203.2768 136.8814 -42.38964 -100.6743 73.76329 57.80809 36.21065 -115.4244 10.13495 -1.301003 -51.18952 -134.2191 43.32072 -8.826513 45.48154 -118.7938 33.67147 -35.44443 2.847807 -223.5444 55.38078 53.54963 -74.37281 -35.6965 71.06703 -38.71375 40.68788 -123.0606 121.5932 -77.46464 -24.44356 -225.4586 111.5587 -25.93531 -70.53746 -10.27872 109.7315 -168.1493 -0.4384058 -11.08191 20.52578 -133.5743 -166.4892 -232.0228 154.0822 19.95223 -28.68958 -110.1683 76.36679 -101.2358 -10.48104 -37.65627 46.12173 -201.3977 -42.57296 -181.1577 98.95 -137.5390 1.272011 -68.4689 -3.579799 -72.28017 68.22728 -141.6822 166.2549 -365.7148 -56.48453 -76.36711 108.7437 -116.1562 -10.00569 -119.9476 145.4525 -206.5390 29.8915 -52.63115 44.42778 -128.1176 28.72208 -132.4157 163.7762 -293.4886 -116.4611 -35.95558 164.6214 -179.6074 83.85698 -18.47678 -8.74413 -246.7425 43.21601 -119.1042 192.4302 -341.3641 -62.48622 36.74577 151.5060 -233.9514 39.5034 62.56401 65.9304 -239.5259 -17.01765 -48.83637 115.8423 -161.8605 -62.89313 -30.93046 162.9509 -185.2968 23.75273 1.683694 55.55339 -251.9406 49.1522 -222.9075 37.47905 -118.2185 -46.19346 14.85328 -112.1442 61.05618 -14.01892 23.59020 -38.78271 -206.8790 20.56575 -66.12218 -37.021 -97.81145 -60.11445 -37.52503 8.805999 -221.5572 -82.0338 185.4218 104.0927 -64.05539 -33.63488 -75.70877 -164.9579 -109.2877 -155.1753 59.49469 59.6114 -203.3256 -87.04435 -12.88301 103.2234 -381.8595 -90.30785 -58.62789 -224.5898 -81.47748 -38.848 42.26361 -91.76117 -125.7843 10.65922 -73.93575 42.70494 -460.9486 -55.90072 -94.71437 -116.3539 -99.70573
-2414.688 -2571.354 -3934.384 14087.89 284.3450 340.7071 292.3849 1911.763 547.2583 418.1662 -167.8476 831.5886 333.839 396.1379 -133.4914 609.5979 312.4856 249.559 107.0738 694.5264 443.2184 387.4508 -50.67388 509.7634 266.7313 316.2958 1.83434 593.5353 164.3335 457.9551 -4.370098 559.3981 287.7638 424.9612 -113.1724 725.1697 71.64645 288.6844 -69.96428 1009.201 189.6684 351.7595 -38.01883 651.5227 333.7087 272.1207 -26.85948 591.1849 -4.377905 244.5861 -150.4310 1129.936 160.3369 248.2999 10.41846 842.0135 320.2111 412.6365 -54.31849 661.7436 89.70406 301.9910 -168.5466 710.8479 198.1374 292.9041 57.3714 866.4306 244.2433 262.7558 -176.6156 961.8686 71.28876 241.7712 -96.22256 650.2214 144.1616 167.3905 -204.0077 1311.748 320.5749 416.811 -239.0164 889.6586 -29.7678 203.5301 -53.08041 1261.031 54.88235 411.3521 4.719516 635.6747 254.2110 367.6643 -309.8183 1420.773 97.2273 95.94039 -49.24357 1299.974 179.4481 302.1388 -24.36844 841.9217 292.1304 295.9103 -354.926 1130.167 29.27748 275.8655 -203.4369 1113.093 181.5107 141.1059 48.2108 886.459 372.4091 315.5808 -227.5459 1071.508 89.93706 142.3765 -126.1744 1368.567 178.0536 394.937 -81.5767 796.1459 350.4066 401.6814 -65.59875 1036.373 66.19014 83.03634 149.7249 445.6572 173.5107 296.1873 28.85701 918.2659 160.3526 432.4386 -229.0916 603.2262 117.6564 306.1907 42.32537 1272.813 -82.03907 -1127.419 -553.36 -177.1213 410.9171 201.8697 309.6021 500.8206 75.48297 4.324991 -285.6336 1072.954 28.66645 149.4303 -86.88888 1596.963 388.0425 73.24823 22.37194 432.5952 48.49128 -52.68492 -44.92342 608.8577 -3.145999 275.3511 -203.9433 1764.156 230.5181 -20.66278 30.10543 1009.398
1173.225 -789.5025 -244.2991 284.3450 12434.34 -5949.054 -1884.963 -2219.546 1004.938 -735.9239 -74.32374 682.4917 829.9641 -591.2957 -82.38377 524.203 1309.570 -1138.708 -55.50663 435.2644 1014.656 -955.8778 -12.73714 630.8499 848.8653 -712.5679 115.1842 477.6985 1034.172 -845.6385 -163.9690 535.6253 840.1091 -973.3642 -101.4399 601.2093 771.8947 -840.2482 -37.67141 536.2518 1098.643 -1091.068 -158.5718 268.3220 628.6412 -766.3165 92.22659 661.0909 706.9967 -817.7255 -18.74482 662.4851 1495.614 -1491.823 -105.1294 286.8555 527.2246 -704.511 28.22766 690.4069 746.1398 -1035.821 -117.9587 511.5924 1159.971 -1223.62 -5.693891 600.9504 673.1615 -1019.646 -29.45247 611.8733 631.0674 -670.2799 -13.25867 578.4525 589.4598 -836.5713 -92.04166 511.9836 470.4711 -735.2448 -73.61426 642.1462 707.7226 -1003.045 81.41957 596.9115 537.459 -677.3451 -28.89314 401.688 703.3921 -1104.488 -120.4824 726.3545 517.7183 -878.0865 90.77542 486.6819 1034.239 -1502.315 -66.17514 230.6777 250.0835 -814.3165 -2.950776 575.6787 479.2948 -909.694 -5.70363 446.9811 1076.596 -1625.283 -27.90508 423.9443 772.5594 -1164.247 -91.63052 679.0225 590.6413 -1061.646 -107.1201 620.3328 1096.58 -1710.263 -129.8840 521.0156 889.0379 -1302.333 127.6723 589.7799 241.7864 -711.4524 -10.88205 389.6736 812.5973 -1103.953 -155.2493 534.6905 337.7145 -1021.669 -182.6283 625.0239 384.683 -724.5437 122.9551 830.7612 958.1302 -3764.944 -708.1273 -665.159 309.3394 -438.2724 75.90384 1088.781 771.3305 -1532.744 -149.4261 400.8707 647.838 -984.341 90.90098 300.8056 1047.480 -1582.226 -19.88682 720.7054 270.5637 -735.5426 -107.4477 248.6444 853.4522 -1234.997 -110.6011 551.4031 691.7769 -1187.024 49.59537 514.402
-647.9908 5552.398 18.96961 340.7071 -5949.054 22474.96 -2248.338 -1795.29 266.4752 5556.771 -134.6475 444.4452 -429.1452 5884.736 54.4156 47.65149 -911.1641 7182.331 -227.8796 0.04925189 -908.8625 6500.319 -346.1912 -68.38755 -997.509 5832.22 -299.1900 213.4017 -901.3776 6215.92 -55.85871 -110.6617 -1000.065 6345.645 -130.3860 205.3704 -1009.458 6226.222 -36.26924 117.5710 -1024.773 6679.656 -38.03009 235.6855 -1059.996 5710.967 -399.5515 224.2207 -1309.057 6366.104 -185.4992 186.2162 -1864.850 7778.934 -66.09887 193.4522 -1269.651 5536.047 -310.3487 215.6425 -1299.69 6336.135 -98.1701 615.6104 -1845.503 6682.427 -414.8353 -78.0271 -1430.862 6040.547 -329.3121 498.2164 -1632.332 5599.439 -165.8675 199.8858 -1193.044 5329.536 -148.7194 680.8217 -1138.261 4839.511 -183.1099 421.9152 -1916.141 5733.572 -295.8246 559.7046 -1273.864 4654.354 -249.7091 759.4664 -1739.253 5631.367 -213.1841 594.705 -1739.966 5368.57 -277.2217 477.9242 -1942.064 6151.732 -103.8071 1018.558 -1354.293 4637.479 -68.17655 976.9031 -1678.822 4877.526 -22.64206 767.5174 -2319.092 6418.45 -182.3109 783.3233 -1948.710 5680.438 -278.4446 312.3424 -1701.877 4995.934 -93.69576 743.4202 -2088.452 6494.657 -190.8159 581.5873 -2468.863 5964.038 -518.3344 741.5683 -1259.745 3842.046 21.36026 824.2777 -1950.088 5197.723 -231.8199 486.193 -1429.876 4140.253 71.62853 979.7487 -1655.348 3658.284 -349.137 324.5099 -2580.844 9574.318 1480.021 1894.775 -1388.944 2715.955 -415.4422 48.25716 -2019.415 5385.788 270.5451 1113.816 -1983.660 4603.613 -177.4078 678.9858 -2753.082 5943.074 -275.0348 406.4096 -1482.982 3537.605 223.0587 1449.236 -2173.730 4820.702 46.55049 798.9328 -2188.459 4771.671 -115.3597 750.0391
-141.7890 -392.4713 31.40847 292.3849 -1884.963 -2248.338 8032.286 -4320.477 -223.2359 -292.53 55.27629 -755.1333 -27.13899 -340.4808 19.15674 148.6293 35.01268 -547.4953 357.4637 70.58812 86.85525 -408.1918 185.4089 129.1130 54.58436 -406.4241 88.05961 249.3198 27.11177 -477.2835 204.0083 148.6345 35.87263 -483.5582 232.5542 114.3183 81.39393 -459.1582 158.3577 127.5615 -14.74212 -390.8416 200.4697 55.88312 153.6493 -352.7283 106.7884 85.39558 167.1353 -520.1913 186.2238 149.8448 3.919614 -311.5827 323.7693 -90.91343 155.7824 -348.6656 75.64337 104.2546 -28.05908 -391.7935 157.9353 63.04112 144.1023 -298.3149 204.82 26.98497 36.91457 -358.8513 89.97145 -6.742826 45.07525 -393.5829 51.69582 255.5578 3.67865 -376.9152 85.36507 45.23765 46.516 -263.1001 11.74813 -27.37174 59.78139 -380.666 108.5357 217.1053 135.8740 -319.9585 12.27947 22.47901 153.1087 -367.2948 132.3757 -99.53667 152.7357 -437.6173 86.00877 110.5021 10.80230 -272.1425 190.1445 -167.1304 66.37103 -218.1263 -131.5818 -50.34004 -12.69413 -258.2581 14.11788 -3.348028 0.5053316 -148.2276 177.8173 -157.5058 82.3255 -253.9811 194.0901 -204.6305 -26.76305 -253.6363 120.5865 -1.577444 11.93900 -382.9122 314.8181 -135.6376 163.6786 -260.358 262.9061 -264.2697 -54.73497 -325.8861 -157.5708 242.1527 -26.54712 -180.2561 40.94186 87.38432 25.60299 -216.3506 -77.45453 -98.05559 34.15419 -137.9004 22.13757 237.7333 -336.2004 -2018.004 -185.4315 -511.9925 183.0178 -78.17098 37.79532 280.2798 -71.08186 -296.4107 128.6161 -16.31310 40.39902 -271.9162 -2.729923 120.4614 0.000919122 -123.0131 195.7236 56.8594 -32.89186 -278.5661 -164.2068 107.3205 -6.612864 -199.5049 32.28315 36.07200 -18.98974 -286.183 -1.480467 196.4576
620.3759 210.2785 -767.9853 1911.763 -2219.546 -1795.29 -4320.477 16381.10 812.5915 423.8208 -22.93469 1898.33 681.2533 348.5323 -74.46256 731.602 476.2956 204.9021 -256.1728 1433.591 549.12 349.7157 30.86095 1008.661 819.0535 312.1417 -104.8724 728.161 322.8211 379.0208 -155.5303 1210.535 371.5025 491.2487 -197.9058 968.1637 581.9244 282.5150 -274.1186 1040.189 234.5219 170.5890 -273.0777 1403.736 439.2315 327.3185 -3.034601 870.9618 393.7699 432.5506 -170.8184 1082.811 96.92356 83.24612 -300.933 2061.290 482.6202 298.8627 -77.0646 887.2001 415.6917 115.4109 -265.5340 1069.562 337.0527 40.24863 -134.8872 1573.241 305.2237 158.7041 -89.45862 1108.926 616.3117 50.5654 -144.2524 924.8041 231.0638 110.1368 -225.4478 1220.276 222.3567 223.1665 -113.2748 878.6642 616.3298 138.9276 -253.0725 984.6102 70.96595 157.7063 -80.67883 849.5828 158.3866 158.8135 -238.5207 1083.146 366.1044 76.36952 -202.007 904.4496 24.04202 14.34030 -398.8905 1675.455 245.8676 -59.01613 -149.0044 662.3039 471.3197 -70.97103 -399.3975 912.7014 237.6718 -63.55651 -362.8012 1782.418 237.7539 -108.0254 -189.6204 1312.255 393.3536 -50.73608 -299.8236 1126.128 126.9427 5.851366 -358.5794 1660.825 382.2580 -20.66453 -117.9016 1312.464 356.0894 -40.77263 -95.8649 296.7434 241.1878 -129.4978 -65.79109 1232.236 169.3115 55.53382 -117.1602 641.204 560.5907 -73.65815 169.3953 873.9818 -117.2010 -2370.655 -1189.452 -220.5614 546.4045 80.51824 559.1704 1021.206 218.2479 11.04079 -526.7476 1422.254 319.4758 -164.4257 -79.03772 1041.213 367.4081 -1.083199 -40.3845 1891.254 420.0389 -35.38243 -254.3971 395.3029 175.1174 62.26765 -238.6977 1280.538 372.4446 -97.89646 21.73288 1258.625
839.6654 -578.3289 -143.7032 547.2583 1004.938 266.4752 -223.2359 812.5915 12455.77 -5463.213 -1857.048 -2285.466 1446.376 -607.2372 -187.7298 525.2528 857.1726 -144.9347 17.80986 427.5142 1294.254 -383.2714 -58.00975 281.7523 861.7439 -388.5086 -124.1379 659.7401 689.523 -338.2169 43.57162 508.5065 698.0754 -64.06052 -108.4083 339.2926 819.6777 -493.5771 -18.02686 496.9487 479.9638 -83.78456 -18.57016 393.024 1118.217 -484.3823 -81.53652 422.0077 735.0328 -505.7877 -68.81306 611.2117 354.7824 -94.7295 -26.74804 505.7839 1035.126 -504.4938 -103.1142 455.7743 415.3020 -330.9373 -85.30663 628.5324 534.6231 -313.1624 -62.84245 575.8744 816.3717 -788.3591 -34.24166 603.5204 503.952 -529.1331 -55.48982 727.1585 767.5122 -773.6956 -125.2504 557.175 945.017 -850.6909 -36.43867 361.8966 618.7152 -630.1783 -92.27424 629.9422 825.4947 -984.0286 -89.1593 582.6736 722.8075 -562.1645 -77.19616 358.1641 652.7805 -702.2732 -20.48434 481.1246 138.1216 -270.6421 -52.62695 474.1271 884.349 -851.8257 -22.84570 301.165 454.3033 -937.2062 -24.92521 638.8572 49.0277 -374.7716 53.49535 608.719 558.6379 -665.3446 -42.5932 289.1604 329.0744 -783.9663 -50.09835 616.9103 210.6421 -566.083 -109.0668 654.8709 463.9127 -530.7588 38.21837 438.1868 521.4291 -988.656 -24.25668 411.2969 541.1945 -1056.626 -112.6107 672.4284 739.5784 -860.1183 -214.6087 362.0486 626.1803 -1240.485 48.8827 843.9595 909.598 -2264.868 -323.1462 -202.0579 809.5101 -1036.525 -50.19447 775.448 189.5044 -613.3044 -200.1874 528.6705 642.8793 -1221.408 37.04856 544.3888 251.1079 -262.1343 -39.62752 465.187 580.3759 -1195.792 -193.7364 573.8015 347.1036 -706.132 -32.73875 435.1482 732.3245 -838.413 -7.150238 264.2787
-488.22 5444.827 -18.52311 418.1662 -735.9239 5556.771 -292.53 423.8208 -5463.213 22364.01 -1915.129 -2487.624 -572.1142 7588.663 35.99694 237.4581 -555.1959 6146.521 -60.85207 496.8269 -915.0657 6648.806 -388.3436 140.9962 -743.5658 6154.231 -501.1825 213.7198 -795.6861 5747.453 -246.4975 323.2808 -714.6294 5525.995 -59.38707 304.3242 -818.1823 6190.902 -216.5373 441.378 -572.7015 5518.957 37.87869 570.4789 -1343.974 6502.846 -341.7171 235.8937 -1105.638 6242.346 -248.0052 467.1448 -871.4683 5456.114 -57.2801 501.0839 -1572.515 6429.758 -301.7096 216.9858 -747.9747 5131.128 -88.41814 734.7071 -1326.534 5759.411 -500.3563 230.8430 -1526.756 6376.92 -269.7144 586.5087 -1456.957 6122.46 -404.0001 385.0549 -1684.571 6091.65 60.37501 897.6117 -1602.212 6149.543 -296.9496 706.8871 -1696.668 5839.278 -483.8583 542.6991 -1899.468 6262.253 -140.8485 941.7897 -1505.409 5372.3 -368.8275 747.7365 -1760.436 5381.763 -308.4235 728.7192 -1175.011 4229.624 13.41523 1193.302 -1783.138 6062.005 -166.1458 888.4341 -1640.2 5612.381 -156.0468 924.6765 -1369.071 4102.843 -101.4517 835.044 -1658.492 4907.711 -223.2701 628.1673 -1388.104 4726.93 -304.0210 721.639 -1248.057 4426.981 32.89363 638.2668 -1783.750 4880.543 -521.4435 563.0941 -1564.569 5265.544 -90.9913 1032.392 -1942.091 5111.964 -120.8731 663.4504 -1606.277 5116.776 -29.18330 863.239 -2172.998 5235.603 -517.3078 313.8805 -2142.525 9577.859 1658.043 2264.504 -1823.763 4218.452 -476.9264 -248.7481 -1122.236 3592.958 187.4800 1172.434 -2214.825 5385.655 -266.5141 986.4342 -1495.267 3377.309 -216.6951 331.7697 -1676.373 4947.347 77.78476 1422.039 -1705.313 4412.229 12.94681 1078.204 -2346.948 4558.578 -148.5301 886.516
45.16218 -61.37154 61.75704 -167.8476 -74.32374 -134.6475 55.27629 -22.93469 -1857.048 -1915.129 7074.535 -3887.037 -281.5027 -108.3695 221.3075 -881.555 -24.39395 -104.8268 18.79411 -60.70032 -92.51268 -372.3208 338.8338 7.317604 44.20091 -171.8351 181.7248 -124.5452 -4.695662 -200.8621 73.03296 65.33906 50.95981 -214.9390 118.9567 -52.45823 61.81374 -179.2322 121.7867 -74.9596 -21.55962 -174.61 28.81847 59.36741 -62.68653 -121.4752 193.3183 -195.7836 68.69079 -140.1659 144.6522 -276.0169 152.0222 -274.2221 19.66922 -31.80627 -25.9415 -158.4357 187.9598 -214.3454 7.242532 -40.28009 30.05222 -154.4269 -9.80978 -249.1 127.7594 -114.4835 28.04655 -162.9414 237.3597 -394.1223 0.04534152 -161.5045 92.8228 -236.3119 -18.75855 -194.929 171.7324 -214.5152 -68.40508 -191.736 287.5654 -281.5241 3.278321 -137.5933 97.68473 -297.4780 -21.48713 -142.474 147.7688 -225.4318 64.3264 -193.9313 185.9951 -295.115 47.46515 -49.127 -37.33431 -267.3504 65.05472 -160.1602 -50.38318 -191.7753 -24.13421 -180.1168 249.4305 -335.6398 11.58957 -65.28038 46.98994 -301.1113 16.62729 -51.262 -102.5980 -110.9120 -30.61883 -87.10064 -38.79502 -104.3148 35.75412 -75.99647 -13.96798 -282.2118 -11.65370 -20.92932 7.818501 -222.0721 -102.3721 -132.7775 20.30374 -135.0399 -25.25363 -85.02123 33.71338 -313.8214 -0.2798559 -114.1516 25.87521 -228.8059 -30.84088 -143.9966 40.92876 -95.12497 -8.154365 -39.97125 53.40945 -354.4362 54.63457 -226.266 -104.8946 -134.1490 -94.56898 -134.4342 85.46716 -198.9739 33.09919 66.09488 -162.6578 -191.0722 -73.78662 -79.0891 107.4689 -371.8623 -83.48125 -104.6771 -176.2690 -32.68689 -141.1698 103.576 29.19319 -318.5671 -2.962820 -138.2707 -91.64253 -212.1961 -69.5303 -67.49452 -38.3189 -216.7291
202.3932 493.7233 25.95294 831.5886 682.4917 444.4452 -755.1333 1898.33 -2285.466 -2487.624 -3887.037 15326.14 521.6449 448.4907 -76.49296 2110.102 669.3712 231.9804 -117.6590 868.5335 329.1505 531.4557 -148.5109 1026.005 376.2258 346.9095 106.9915 822.439 535.261 529.2439 -56.26681 494.71 174.8805 516.6043 -114.5631 695.5726 327.9728 452.3257 -46.93337 635.259 442.0619 373.8267 -166.4079 437.7002 142.8583 236.7779 -86.70142 1193.183 244.3907 435.5053 -143.6994 805.0774 239.8855 366.5536 -31.11195 469.1356 73.76941 262.2339 -212.0813 1236.642 282.8207 342.8685 -114.7536 564.3876 377.8465 212.4139 -47.2641 761.6563 112.1702 262.4195 -257.8002 1178.126 301.1883 343.2482 -93.40832 899.9056 347.6556 211.5563 -346.936 1189.297 35.94500 338.9814 -294.4637 1299.883 246.2573 280.8047 -83.78287 951.2047 293.8256 150.4038 -276.5255 1374.964 -89.55524 224.3427 -175.9626 1257.341 98.70076 293.7417 -91.4618 840.985 276.2833 178.1400 -192.4976 326.6107 43.09581 70.50403 -399.5804 1539.167 203.3700 197.6977 -218.3762 1128.716 468.5026 129.9680 -185.8648 263.1517 159.7634 51.14378 -138.2195 851.7232 90.7383 213.5270 -180.1384 794.525 292.627 18.82446 -189.6902 440.3939 229.4314 31.04303 -48.63401 716.0977 158.5953 363.7764 -256.6296 1005.099 275.9655 160.6177 -125.7203 814.8117 13.91154 49.85229 -149.3461 892.66 294.2981 252.9506 64.46108 1289.612 -248.6758 -2471.400 -901.2058 -763.6543 339.7323 378.3201 223.3204 1828.928 43.89712 80.3306 33.19188 448.2721 286.0909 109.1157 -241.8690 1005.448 260.2270 31.86793 74.81378 336.2118 216.4897 -2.894059 -84.78829 1184.045 283.5944 73.22457 -160.7270 829.1202 276.1933 -20.19961 -70.6199 1054.912
659.1425 -495.6774 -88.32271 333.839 829.9641 -429.1452 -27.13899 681.2533 1446.376 -572.1142 -281.5027 521.6449 11740.3 -5301.771 -1858.065 -2132.733 1079.649 -495.4115 -148.3257 630.035 969.262 -402.4622 -4.118697 358.4064 1383.893 -863.4659 -61.42281 292.668 861.5508 -564.3394 -144.8588 548.2324 414.2441 -258.4616 -28.95764 555.0947 894.415 -484.3452 -77.69764 288.7341 669.0888 -466.1495 -49.19924 431.0850 895.3375 -739.672 27.11331 399.4341 969.8863 -337.6682 -47.0144 103.1198 530.9881 -437.0366 -70.73275 523.8036 678.6146 -467.9841 -80.1007 520.765 943.6426 -507.3798 -66.20546 130.0879 449.2718 -516.3071 -123.8644 676.3141 563.6531 -547.0748 -53.89044 541.3512 1109.451 -1149.332 -28.01887 472.822 508.3164 -816.0816 -128.8925 741.2949 429.1913 -539.1149 -83.80977 497.2343 907.7694 -865.9673 -46.81496 404.7326 883.009 -1007.258 -161.6981 443.8064 266.1249 -381.047 -59.21849 457.0194 758.3986 -699.5799 14.52423 283.7583 267.6603 -536.0222 -91.03179 545.3949 430.6673 -629.4142 -35.7884 412.9473 822.267 -998.6017 5.223007 220.7789 126.8402 -597.778 57.00874 543.1778 320.0772 -657.081 45.60008 458.9127 569.5036 -840.7535 -17.94612 317.1215 301.9567 -691.796 -161.9910 625.1489 382.3226 -556.8836 51.03106 412.9543 1175.487 -1643.294 -91.84063 252.4198 515.9678 -1046.099 9.299871 512.9596 349.6104 -703.7866 -45.44963 322.0648 902.519 -1003.318 -117.13 504.9724 921.5109 -2090.269 -117.9229 -19.20091 683.5467 -1201.749 79.6475 606.8499 178.5782 -528.9603 -45.83968 207.4169 425.4828 -1020.488 -44.13843 504.7876 364.4752 -701.9627 -95.2994 494.9281 1064.271 -1425.850 -106.3710 180.3737 122.2150 -441.5483 -122.19 516.7182 583.5023 -952.3867 -46.22957 453.533
-233.6968 5412.43 -287.8460 396.1379 -591.2957 5884.736 -340.4808 348.5323 -607.2372 7588.663 -108.3695 448.4907 -5301.771 22435.12 -2125.936 -2546.108 -13.90927 6172.079 -183.013 614.3757 -828.2644 6223.213 -167.1721 228.7621 -1180.514 7161.716 -490.6613 261.0788 -691.366 6107.854 -284.482 280.2708 -680.8403 5649.518 -79.48601 358.5702 -593.0504 6126.571 -146.6374 271.6315 -619.1985 5981.014 -18.30712 515.3117 -1474.457 6927.57 -267.8078 366.4626 -934.81 6174.058 -260.7674 416.0321 -849.4286 5723.776 -87.72512 416.6718 -1630.465 6318.384 -238.8037 411.1205 -1055.405 5855.869 -96.26826 723.2966 -1299.735 5693.015 -430.7233 175.2968 -1507.779 6124.613 -319.9904 712.0001 -1902.743 7339.867 -457.0083 357.2453 -1287.283 5661.26 -106.8398 866.3549 -1268.507 5412.211 -179.1758 599.4438 -1804.080 6109.388 -362.9926 400.6107 -1839.918 6447.767 -237.6746 1070.504 -1218.091 4610.73 -174.1933 754.1368 -1775.447 5768.589 -446.1452 605.4305 -1146.406 4430.110 -52.32882 1104.557 -1454.266 5095.558 -97.90353 1066.668 -1689.697 5935.395 -241.0541 915.3784 -1271.646 4335.262 -291.5141 957.2811 -1548.673 4619.509 -220.6698 683.6852 -1556.137 5119.655 -278.9358 722.9733 -1316.287 4435.796 -108.9434 857.1317 -1956.523 4754.112 -433.8235 632.189 -2099.509 6810.514 -235.3811 1086.165 -1664.734 4759.205 -314.6655 976.204 -1507.930 4614.557 -26.12786 1114.02 -1929.108 5056.285 -597.9176 219.4425 -1874.12 9801.576 1601.587 2212.529 -2105.247 4268.246 -497.5104 71.89049 -882.3504 3392.466 185.5808 1322.347 -1923.784 4856.448 -286.7476 923.804 -1786.917 3993.943 -238.4234 430.622 -2200.875 5911.232 99.45318 1582.934 -1279.841 3514.369 -56.23044 904.3849 -2262.037 4534.256 -3.167586 742.9333
-2.980775 -112.1440 203.2768 -133.4914 -82.38377 54.4156 19.15674 -74.46256 -187.7298 35.99694 221.3075 -76.49296 -1858.065 -2125.936 7694.256 -4121.459 -278.536 54.42144 99.57737 -965.1662 -65.39249 -34.27061 66.68568 -59.06813 -25.13403 -363.498 412.4349 -14.38021 50.14212 -103.0104 174.1655 -38.87255 39.06387 -118.3732 32.54123 74.60846 -53.05047 -219.3560 219.9840 -36.44064 31.78481 -110.6555 73.53963 -7.528331 -34.15537 -97.35913 194.7063 -187.7921 -30.31089 -74.61016 73.34947 -86.35917 50.05313 -60.33299 14.93668 -98.8649 92.83854 -231.6424 63.20794 -56.69621 -28.16423 -40.32748 174.1919 -156.3145 -40.80351 -73.48873 76.36968 -167.2374 -46.83341 -198.4097 78.98378 3.034940 -79.73535 -135.5027 342.9548 -353.8800 95.97688 -138.3242 89.83225 -213.8398 -14.24787 -115.9069 108.0066 -93.40816 -117.8343 -92.04643 152.2055 -236.2121 41.1934 -30.90405 247.1593 -367.4375 -18.40579 -3.266316 -47.60264 -117.1892 -52.01117 -68.78137 92.51486 -165.6733 71.63724 -28.04767 -69.64003 -173.6188 1.970116 -66.97826 39.44215 -128.0743 -1.744459 -76.1508 127.5009 -300.8163 80.61863 -19.83634 -141.1005 -156.9927 -10.95773 -73.23378 -88.65896 -93.95376 -61.83051 29.92734 5.544383 -114.6978 63.45242 80.20396 -35.84384 -289.4085 4.664278 -97.13236 -134.6020 -40.49311 -75.51164 -78.08035 379.1349 -399.364 70.7649 24.96204 -20.22213 -431.3769 38.03114 -55.46703 -40.88538 -93.15097 -159.2902 -27.30614 137.3226 -232.2264 53.63055 350.2245 37.404 93.58504 -10.86327 -53.25306 -50.1139 -319.6628 -0.07497829 -81.9979 -106.1625 -48.10597 47.49952 12.23331 -90.1238 -312.6289 23.32645 -23.52055 -188.9742 -70.36031 -158.0659 -29.11779 146.8482 -217.8455 -51.35123 8.036297 -136.9636 -46.80179 -218.7493 26.35823 -82.41426 -117.5197
97.6937 196.3462 136.8814 609.5979 524.203 47.65149 148.6293 731.602 525.2528 237.4581 -881.555 2110.102 -2132.733 -2546.108 -4121.459 14726.86 526.0203 144.9977 74.64955 1664.225 690.593 179.8138 -90.897 816.4523 394.6398 437.1338 -235.7817 1260.49 274.1214 278.6364 92.18714 864.4058 465.5848 399.5557 -57.92753 291.8258 168.0924 355.8286 -107.6873 754.8965 263.3214 249.4048 -122.6501 571.6653 438.1649 162.3423 -206.3335 1196.890 103.7876 76.65538 -49.26937 973.5607 173.4735 291.2686 -29.41104 531.8506 341.2569 354.0709 -48.17668 818.9958 73.48141 102.1762 -200.7954 1106.574 499.2807 187.0980 -20.28993 635.963 444.2604 202.0889 -124.5094 791.8406 279.7862 235.6807 -362.4261 1477.573 240.4516 228.5397 -132.1620 778.3815 388.8274 93.5603 -172.7835 729.6535 187.1243 204.5525 -246.5057 1311.275 62.12733 120.7391 -202.7892 1380.897 290.5157 28.12511 -135.7029 614.1863 85.43773 149.0127 -121.1353 1123.772 135.0180 160.8091 -65.21583 288.7958 197.9892 21.45311 -233.3149 694.7084 7.45883 96.06417 -272.0557 1452.969 105.6514 148.4892 26.21845 411.6877 395.5032 76.7964 -97.98375 458.6397 138.9672 14.44534 -128.9955 820.9883 131.9626 32.75251 -20.49127 437.5841 413.2627 19.02468 59.69996 610.1647 4.007994 103.6394 -322.0978 1724.718 157.1241 201.907 -48.40195 821.6795 195.2549 -63.03441 -67.6708 702.1 52.08651 9.819666 151.8818 1531.972 -238.0042 -2770.595 -869.625 -904.5991 528.272 238.7426 215.1491 1943.588 16.57606 111.8475 -134.345 236.3351 119.1290 73.18675 24.33161 910.5497 297.1904 -5.92274 225.3768 449.5771 219.6986 0.1835122 -316.7978 1503.597 235.7312 -29.63132 96.6566 427.7454 437.7449 -76.08212 -16.80931 840.39
632.6979 -589.1714 -42.38964 312.4856 1309.570 -911.1641 35.01268 476.2956 857.1726 -555.1959 -24.39395 669.3712 1079.649 -13.90927 -278.536 526.0203 12583.50 -5523.238 -2002.924 -2374.548 1633.150 -1021.765 -188.8223 649.4812 1050.928 -467.7097 30.39266 444.4546 1042.59 -440.6919 -76.18162 254.983 740.3713 -413.1783 -124.4101 463.4499 1048.549 -878.9918 -51.28427 413.2573 914.0417 -516.3003 -136.3523 253.3926 504.6592 -243.2921 -103.1518 565.616 1083.795 -891.2227 31.92983 320.4961 1288.515 -916.8805 -79.29552 146.4071 425.8317 -323.7067 -57.6803 621.735 615.5277 -473.164 -174.6046 498.9805 1345.387 -1040.477 -124.1207 318.0661 488.0922 -592.3242 -148.6309 712.361 443.2679 -270.1220 -12.92084 460.3246 909.8916 -873.2836 -59.61102 452.4636 462.0013 -677.9338 -98.58377 598.2673 526.7749 -456.1148 -44.22617 475.384 604.3222 -544.6451 -88.92145 489.3247 636.9014 -881.5203 -155.6103 625.2804 219.4125 -341.1706 20.67359 434.6722 873.2963 -890.2505 -106.8855 241.8382 580.0818 -873.9761 -117.0170 518.0079 651.2776 -982.9382 -11.81699 426.8285 782.929 -1011.523 27.28246 263.7597 792.996 -1263.384 -95.14489 545.5612 333.6935 -643.5661 39.34770 377.8034 855.0917 -1106.428 -183.9799 338.4763 446.9996 -1031.243 -0.2934429 604.8859 135.1185 -507.6549 -46.70702 429.6594 1197.492 -1408.134 -105.1752 356.2028 356.3005 -869.2222 -107.0862 453.9962 188.2318 -565.4623 70.27739 490.933 1336.947 -2480.626 -346.7303 -223.9024 301.7768 -673.8816 51.54308 742.4712 834.4376 -1628.342 -137.2488 537.6357 389.5953 -682.0203 -50.57428 406.9429 648.1352 -1339.209 -117.4631 766.5253 122.6721 -499.3343 30.75216 157.4342 804.7645 -1084.043 -106.5152 278.3551 215.8157 -845.3524 -107.8247 531.2423
-531.5131 5762.937 -100.6743 249.559 -1138.708 7182.331 -547.4953 204.9021 -144.9347 6146.521 -104.8268 231.9804 -495.4115 6172.079 54.42144 144.9977 -5523.238 21807.33 -1977.868 -2410.775 -1008.271 7307.031 -235.8213 107.9422 -1127.262 6035.772 -279.8086 194.6572 -1016.82 6155.588 -198.1643 201.1242 -760.63 5829.346 -219.2051 396.7744 -1167.957 7121.54 -219.9584 264.3492 -717.8695 6090.037 94.45267 255.3244 -999.0767 5692.021 -344.0896 271.3784 -1568.250 7185.218 -264.9992 456.4348 -1538.324 7254.967 -76.20233 270.8310 -1032.674 5207.992 -330.4077 224.6055 -1215.324 5848.059 -30.5804 699.4316 -2156.176 7489.577 -393.3674 37.1299 -1406.388 5650.505 -241.4734 680.7452 -1477.048 5643.848 -348.7442 289.8827 -1516.390 6033.208 -99.11789 842.1414 -1319.484 5259.121 -161.5095 599.5019 -1640.683 5258.024 -331.4380 337.3905 -1318.844 5123.677 -186.6520 774.3312 -1652.104 5767.983 -253.8176 607.158 -1430.245 4655.474 -304.6602 616.0969 -1535.319 5590.205 -92.4801 849.2798 -1629.834 5507.775 -63.1199 976.0116 -1860.003 5548.661 -10.79171 875.9938 -1890.014 5677.198 -263.5470 822.5171 -2192.136 5989.645 -155.8765 363.7396 -1479.468 4443.202 -241.0063 833.6977 -1964.670 5608.226 -2.227313 797.2748 -1943.418 5268.978 -514.6455 444.6957 -1322.548 3999.027 74.0993 996.7032 -2406.638 6325.215 -268.9447 675.7799 -1250.444 4137.927 29.29039 1026.085 -1618.150 3815.071 -487.1425 340.4531 -2367.047 10440.23 1597.242 2045.438 -1403.481 3069.293 -550.8089 63.07018 -2156.271 5829.314 309.3956 1251.275 -1684.374 3871.258 -231.2515 847.5085 -2415.641 5540.302 -235.7445 306.6175 -1161.309 3252.129 153.5666 1520.792 -2050.471 4892.607 121.2359 814.1487 -1742.496 3970.447 -195.7550 625.4666
-92.99556 -258.8466 73.76329 107.0738 -55.50663 -227.8796 357.4637 -256.1728 17.80986 -60.85207 18.79411 -117.6590 -148.3257 -183.013 99.57737 74.64955 -2002.924 -1977.868 7502.183 -4043.961 -335.1403 -100.9522 271.9483 -1031.696 -130.2015 -156.5577 78.00603 -62.17315 41.72753 -375.6949 218.3812 42.46301 44.58599 -188.3229 155.2134 -73.27981 -83.8788 -333.7210 335.4852 -9.482643 -0.7421825 -237.7775 170.6907 -81.86676 110.4343 -350.7666 89.00009 -98.1872 -64.49203 -284.5219 193.6354 -79.17515 -67.30816 -155.8129 219.7486 -207.8301 49.67665 -85.89291 7.031837 -164.3816 68.35851 -428.022 181.7165 -73.1912 -74.65784 -260.6021 338.2687 -236.162 4.592835 -158.2956 133.2277 -273.7613 -17.31987 -381.2687 43.23174 79.25109 25.38842 -186.2113 174.3844 -294.5978 74.11773 -187.2497 47.12996 -186.6849 -6.438428 -266.4475 -7.33985 -5.033512 -6.37375 -175.8693 79.37818 -143.0421 28.96480 -180.9481 97.30185 -208.3366 -100.6393 -168.6676 -50.29383 0.4457567 86.72415 -301.0424 220.1890 -339.7474 52.69894 -221.7744 29.58956 -201.5473 -17.38455 -216.8814 78.25615 -167.6061 -52.93811 -79.4346 192.2334 -325.9065 -32.63856 -46.54788 54.72971 -261.2164 36.72278 -91.05118 -121.6844 -137.6365 7.618782 -104.4152 159.1435 -320.8697 10.03609 -63.07662 94.68391 -359.0942 -13.19697 -75.7962 -116.7404 -178.6226 -44.01121 -217.1495 203.6826 -337.2908 -39.69014 -30.8405 20.46328 -277.4438 -52.93065 -83.84344 -150.0476 -26.35490 -102.0651 -645.2658 102.3210 -341.3786 -8.04835 -45.3905 -59.34921 -184.8173 105.5532 -114.4947 53.79468 -371.1145 -13.88282 -125.8555 -97.97142 -74.11908 8.11383 -134.5192 88.61355 -347.0516 6.905194 -73.46188 -136.8156 -72.08924 -112.6204 -151.3815 29.84922 -161.2569 -100.4605 93.39543 -185.9544 -40.64542
268.0464 346.331 57.80809 694.5264 435.2644 0.04925189 70.58812 1433.591 427.5142 496.8269 -60.70032 868.5335 630.035 614.3757 -965.1662 1664.225 -2374.548 -2410.775 -4043.961 15629.56 513.5396 439.4989 -23.39711 2211.093 789.4062 445.4315 -186.6964 981.3192 381.7564 481.861 -196.4918 1194.611 334.8693 448.0806 58.26614 768.3334 550.766 632.1393 -310.065 1119.037 230.7435 442.7527 -269.5362 976.4779 345.3400 620.0211 32.21162 630.7738 376.0807 484.6385 -302.3748 1232.786 148.3098 176.7907 -261.0661 1756.016 237.9214 549.1079 -24.64686 670.5357 347.7645 352.1715 -170.6700 875.7067 215.5961 365.8193 -357.4507 1970.460 418.2958 343.4165 -113.9548 676.1159 491.9879 430.9934 -214.6705 767.7085 123.7742 288.4904 -266.1753 1347.454 213.3281 521.8486 -98.67575 771.4036 471.9389 326.8157 -181.6823 897.3407 131.7418 341.2492 -199.4238 910.6079 256.4154 268.5655 -160.6479 1108.579 497.4004 182.8034 -62.84097 456.1694 -106.7433 215.5221 -267.006 1489.773 113.6590 385.267 -131.2909 913.9825 299.8015 368.0535 -377.3178 1008.755 200.9698 135.9955 -343.7393 1614.433 305.2952 124.1461 -124.3050 1509.063 351.7958 111.3168 -106.8918 565.8288 68.17022 148.2273 -236.4548 1469.835 199.0677 279.4127 -41.6736 936.55 390.5778 194.4209 -188.3208 545.0316 61.05902 216.1083 -245.5641 1870.467 173.9805 338.0014 -188.0988 520.959 438.1451 140.1582 260.3659 815.8762 -420.6005 -2575.102 -1048.109 -28.24528 397.167 488.5532 496.5319 1236.913 105.8586 261.3445 -230.0996 1515.909 195.3637 150.0728 38.75242 601.0115 279.6557 262.4186 -139.0575 1437.977 220.1627 222.9484 -182.4549 301.6253 251.5848 118.8108 -235.9583 1458.232 376.2381 22.16215 186.6329 557.0205
454.4199 -874.7262 36.21065 443.2184 1014.656 -908.8625 86.85525 549.12 1294.254 -915.0657 -92.51268 329.1505 969.262 -828.2644 -65.39249 690.593 1633.150 -1008.271 -335.1403 513.5396 12598.84 -5990.293 -1971.837 -2283.706 1262.156 -948.0387 -56.87533 678.0586 948.7147 -694.9817 -10.26325 486.3835 974.105 -577.4647 -48.94404 292.574 1243.829 -1367.441 -29.82045 496.2162 645.1011 -600.0646 -75.18355 442.4293 757.8647 -480.6748 20.08568 474.3948 1092.984 -1232.184 -70.63751 606.5028 868.3412 -874.0416 -43.12814 448.1244 969.2714 -638.5425 -63.53484 287.3697 617.0288 -865.8008 -67.30438 557.2366 1098.795 -1169.375 26.40188 453.6214 705.3698 -600.893 -71.91139 295.8739 519.4261 -675.5022 -68.3468 778.3248 599.0085 -781.5455 -106.3754 600.8873 860.3943 -1044.765 -79.09897 413.8122 380.8699 -596.4934 3.766064 697.7732 692.781 -738.401 -96.6832 380.2589 755.5364 -1010.392 -23.932 393.6498 379.8787 -429.4223 -148.9836 575.4584 467.1691 -887.422 -140.9552 392.1003 882.6004 -1103.324 -63.23141 328.5321 422.1891 -981.7525 -152.3959 655.3912 539.807 -1042.382 38.59026 502.8064 1012.473 -1249.623 -95.51133 316.3915 134.2415 -704.6438 8.119235 618.1744 671.2617 -1159.516 46.05925 284.4343 731.0249 -948.9733 30.52343 374.7329 306.7155 -865.713 -49.08159 509.1233 801.5124 -1432.510 9.834469 486.0055 643.6717 -1148.906 -98.58714 365.8659 375.8342 -929.2805 99.7183 667.1267 1147.801 -2775.324 -231.4907 -337.7603 880.0316 -1147.214 -5.08532 669.3767 615.5665 -1594.71 -122.0728 524.9007 242.4536 -756.7594 -6.968792 475.5486 877.4457 -1362.181 13.29961 458.0374 195.0532 -737.7301 -140.3372 550.0539 607.8471 -1290.338 -78.08367 484.5095 409.4541 -663.3794 -98.51285 384.8822
-312.7719 5366.249 -115.4244 387.4508 -955.8778 6500.319 -408.1918 349.7157 -383.2714 6648.806 -372.3208 531.4557 -402.4622 6223.213 -34.27061 179.8138 -1021.765 7307.031 -100.9522 439.4989 -5990.293 23202.58 -2394.954 -2582.718 -635.486 6333.356 -312.7129 528.9788 -1014.618 6536.254 -247.3687 338.6806 -873.9913 6201.451 -163.8076 302.9567 -1209.171 7763.137 -388.6659 358.5495 -595.0522 5826.774 -44.32185 545.3812 -946.4506 5828.284 -245.6079 162.2161 -1554.119 7737.95 -382.5637 449.8111 -1383.283 6751.972 -93.9958 349.4627 -1292.322 6066.78 -364.3061 258.6150 -993.4943 6002.37 -141.8910 828.3617 -2080.705 6952.63 -377.0153 319.9663 -1230.474 5409.551 -219.5288 681.6142 -1369.027 5884.922 -447.2725 273.1148 -1452.636 5759.307 -145.9682 915.996 -1548.948 6272.932 -217.4444 672.8989 -1315.903 4899.265 -488.3696 614.4723 -1659.428 5593.407 -73.72437 963.8052 -1543.470 5581.204 -226.6254 732.3384 -1394.819 4881.454 -330.1649 571.1417 -1387.417 5077.86 28.82117 1099.920 -1695.619 5862.035 -202.888 1182.9 -1478.340 5332.327 -147.5174 881.6657 -1901.500 5379.64 -74.1849 1126.988 -2240.273 6121.275 -172.0061 594.126 -1372.891 4513.007 -297.0771 1032.217 -1848.848 5400.863 -41.54862 1089.510 -2046.974 5261.233 -421.1494 685.8321 -1419.048 4615.941 -133.7038 1037.25 -2267.234 5825.578 -225.4324 977.3405 -1625.68 5137.495 -8.82113 1008.141 -1696.144 4446.902 -528.2692 482.8478 -2371.931 9928.85 1641.375 2244.66 -1913.902 4370.398 -495.477 -31.72335 -1771.797 5350.344 155.2009 1431.890 -1766.586 3736.969 -185.9675 1017.194 -2481.466 5703.933 -259.7142 507.8761 -1265.143 3508.937 51.62241 1474.241 -1922.851 4269.924 90.93412 1213.945 -1844.501 3866.755 -49.35245 844.454
48.14334 -225.2940 10.13495 -50.67388 -12.73714 -346.1912 185.4089 30.86095 -58.00975 -388.3436 338.8338 -148.5109 -4.118697 -167.1721 66.68568 -90.897 -188.8223 -235.8213 271.9483 -23.39711 -1971.837 -2394.954 7470.636 -3666.385 -265.3473 -139.1338 99.89159 -802.5552 -73.95505 -288.4752 189.6927 -65.71725 132.9069 -507.904 181.6552 120.6856 4.927852 -341.2876 398.2022 -170.8135 -14.00093 -274.3588 66.68187 17.5822 64.45511 -328.7044 38.84477 -12.48501 89.5871 -409.0353 284.7800 -226.7888 14.64624 -349.2606 161.9851 -95.50545 55.167 -291.9622 154.4731 -27.25656 36.94895 -294.6404 178.7635 -211.5239 103.2196 -418.5029 158.4253 -61.42534 37.319 -241.136 27.98754 -55.14295 25.35810 -171.5340 71.21495 -65.80127 -10.26782 -366.8846 137.0962 -42.2994 -25.31216 -211.2546 225.9701 -275.5764 19.55350 -178.2079 -38.86716 -35.39635 -56.35592 -274.8801 93.20625 0.7147014 34.67180 -157.0045 88.51065 -237.8979 11.68078 -163.2316 15.0283 -150.3337 -32.23266 -210.0642 38.94123 -36.27406 125.7917 -376.7313 178.8528 -259.9639 36.80286 -215.7609 51.90203 -135.2259 73.36341 -223.1783 61.08902 -245.6326 45.28205 -285.9019 250.1490 -268.6972 148.4748 -155.8765 -60.08905 -262.1779 -12.04309 -180.8741 59.45255 -143.7195 3.289880 -156.5373 76.23378 -160.9648 21.44960 -134.8203 5.627364 -178.8062 40.66458 -184.1795 57.72541 -158.5843 59.27931 -291.9146 141.1592 -166.639 69.73207 -138.0114 -8.37795 -71.8417 -139.2242 -962.1572 -171.3443 -244.0811 -37.6603 -165.1088 174.3295 39.47493 57.93588 -262.1484 96.26812 -341.2487 51.93638 -149.3782 -68.58644 -73.47282 48.58418 -242.4878 96.48116 -159.3278 35.44755 -97.90126 -120.7883 -158.7968 93.11716 -198.2394 -65.92944 -109.4850 -104.6462 6.321506 -119.6787 52.82369
